0,33
9679
-80	55	54
10	-71	91
87	-40	-12
-70	97	4
31	67	-63
97	4	-64
63	-17	-12
11	-72	91
-36	-2	68
-79	94	16
18	94	-77
-7	28	11
2	40	-9
93	-35	-22
-47	9	68
-34	-5	69
-100	-79	-77
-51	21	60
-50	20	60
29	29	-24
49	-27	12
37	75	-76
-86	21	93
-100	-55	-48
-100	-87	-97
4	45	-15
-87	98	19
4	-19	47
93	-21	-36
83	49	-94
76	-76	34
-7	97	-56
-33	39	25
-100	-97	-98
8	31	-6
-76	74	32
52	4	-21
81	-41	-5
88	-50	-3
-100	-64	-12
53	46	-63
53	82	-98
-24	71	-14
92	-14	-42
29	85	-78
35	-27	25
-2	6	28
7	23	3
-57	58	30
69	30	-63
6	-52	77
73	-74	35
58	-5	-18
31	0	2
21	97	-82
-47	54	24
70	-86	49
0	32	1
92	-38	-18
77	-53	10
-32	-39	100
72	-79	40
-7	6	33
-38	-23	90
25	42	-32
81	1	-46
-38	52	17
-83	80	33
61	58	-82
-60	13	76
-25	-35	90
75	-39	-1
-27	-5	62
-61	63	29
-76	75	31
54	-28	8
-100	-16	-89
47	62	-73
60	-70	43
60	-93	65
-87	20	95
-100	-32	-66
-71	16	83
63	63	-89
39	-73	66
-100	-66	-72
92	-32	-24
96	-87	25
23	49	-37
-23	26	29
-51	29	52
59	59	-81
-94	45	77
-84	61	52
-100	-17	-91
92	-75	17
9	86	-60
57	32	-53
32	-44	44
60	-81	53
0	-21	52
-100	-26	-99
100	-74	9
16	-74	88
-59	68	22
-100	-65	-61
54	64	-81
20	-72	83
31	78	-73
-79	73	36
85	39	-86
-28	32	27
13	40	-19
-24	79	-22
-61	29	61
-28	-26	83
71	-94	56
39	-42	35
-31	-21	82
-67	89	9
73	-33	-5
4	48	-18
52	61	-77
-7	33	7
43	40	-48
-52	24	58
-100	-87	-89
100	90	83
31	27	-24
79	-84	38
-13	-35	78
54	58	-76
73	25	-62
77	-98	54
10	-53	74
36	-3	1
78	-41	-2
-28	2	57
-100	-79	-63
57	79	-99
4	55	-25
43	-10	1
74	-34	-5
-100	-52	-13
-3	50	-14
-85	44	70
42	-2	-6
48	71	-82
54	-61	40
-52	3	78
100	97	93
65	-49	18
34	-53	51
79	-53	9
70	-59	23
99	13	-75
100	64	78
-38	6	62
30	13	-9
52	-2	-15
81	37	-81
-15	88	-39
31	-74	74
80	-35	-10
100	-62	-3
-27	27	31
5	-9	36
-4	-9	44
16	-68	83
-8	-3	42
-100	-76	-40
-6	-27	64
-100	-76	-81
-100	-81	-83
-56	94	-6
10	-13	35
-82	41	70
11	-72	91
-27	-5	62
-33	30	34
-24	24	31
-29	93	-31
-100	-90	-83
1	23	9
67	-80	46
21	-33	44
-62	16	75
100	69	86
-41	64	9
-56	86	2
-29	27	33
-100	-12	-99
44	7	-17
-60	82	9
-100	-53	-67
60	63	-86
-100	-70	-61
50	5	-20
-49	100	-19
34	43	-42
14	37	-17
-15	39	8
-48	9	69
53	-88	67
48	-13	-1
-51	34	47
-73	2	99
0	-53	83
-38	-17	84
-41	10	61
-17	62	-12
99	-17	-46
-65	73	22
-32	63	1
91	-95	38
43	54	-62
-67	70	27
72	15	-51
26	89	-79
79	-49	5
-26	57	1
30	-71	72
83	22	-68
74	-85	44
85	-20	-29
49	60	-73
23	97	-84
7	57	-30
7	10	16
96	-51	-10
0	-24	55
56	-69	46
-56	68	19
89	-31	-22
-10	11	31
9	91	-65
21	-6	18
-32	59	5
-95	95	30
-27	-12	69
-49	72	9
13	73	-51
14	96	-75
-56	42	44
25	19	-10
-51	-18	98
-67	66	31
40	23	-29
76	-23	-18
56	-89	65
44	9	-19
-37	77	-8
64	-81	50
-100	-71	-21
-9	49	-7
-21	56	-2
54	-7	-12
-40	58	14
-37	10	57
32	-93	92
-26	-11	67
75	-13	-26
98	13	-74
4	9	19
-89	59	59
86	25	-74
-35	77	-10
12	40	-18
26	25	-17
-47	78	1
20	-25	37
11	47	-24
-60	94	-2
-11	-47	88
-75	61	44
98	-47	-15
-25	63	-5
-100	-81	-29
42	-48	39
55	-43	22
-75	35	69
-90	23	95
28	24	-18
22	-24	34
97	11	-71
-35	46	20
22	-5	16
-96	29	95
-35	37	29
74	60	-97
69	-91	55
96	-73	12
83	-63	14
85	47	-94
-85	16	97
-67	58	39
30	-45	47
60	-93	65
-37	-14	80
78	-93	48
84	-2	-46
72	50	-85
-16	20	28
64	31	-59
43	-91	80
52	26	-42
-10	-23	64
68	51	-82
-65	62	33
3	-55	83
-29	9	50
62	-1	-26
-16	69	-20
-75	12	91
-42	-21	92
69	-40	5
2	-62	90
99	7	-69
38	-99	92
-100	-33	-87
-100	-51	-61
-16	-50	96
-37	-24	90
13	78	-56
58	-85	59
-1	64	-29
-100	-85	-70
-86	48	67
-34	75	-9
-79	53	55
-44	28	46
-4	-15	50
91	-42	-14
-91	30	89
-61	15	75
-32	3	59
15	-57	73
-8	-14	53
-100	-88	-15
71	17	-52
75	-70	29
57	-39	16
77	-93	49
59	-87	60
-2	92	-56
-26	28	29
-1	-32	64
-100	-79	-58
4	81	-51
51	25	-41
-81	61	49
-100	-13	-70
-22	-47	99
85	33	-81
38	96	-97
81	-74	27
65	28	-57
-52	-4	85
100	-22	-41
49	-92	74
-63	75	19
-49	41	39
74	19	-56
91	-8	-46
45	-76	63
87	-48	-4
100	98	67
-27	-7	64
57	23	-44
8	-75	97
90	30	-82
97	27	-86
-95	55	69
-12	32	12
45	38	-48
-3	39	-3
-80	71	39
-59	81	9
21	-81	90
-53	-4	86
87	-53	1
24	75	-64
-2	-35	68
-100	-50	-97
-68	24	73
28	14	-8
82	-51	4
-87	68	48
52	74	-89
32	-9	10
30	74	-68
-67	15	81
-85	61	53
6	61	-33
68	-24	-9
72	54	-89
27	-84	88
-88	54	63
67	-38	5
44	2	-12
36	31	-32
44	-86	74
-44	35	39
-33	-17	80
62	-61	32
-4	-20	55
35	-18	16
-36	63	5
-15	57	-9
19	58	-42
92	-73	15
-28	70	-10
88	39	-89
-48	74	5
-28	92	-31
-43	82	-7
77	-84	40
45	-67	54
-47	38	39
3	81	-49
-100	-27	-44
70	-46	10
87	-18	-33
-61	25	65
0	-17	48
-74	65	39
1	89	-55
48	1	-15
-98	54	73
26	-17	24
49	-40	24
-35	11	54
-16	-24	70
-21	33	20
35	2	-3
-98	63	64
30	-24	27
-29	-30	88
60	23	-47
71	-24	-12
-76	23	82
32	33	-31
88	-90	36
77	43	-83
-4	-61	95
86	-21	-29
32	-29	30
-100	-73	-97
-86	58	57
-31	9	53
-37	70	-1
-80	87	23
-41	51	21
44	-1	-9
-100	-84	-100
-28	14	45
-93	92	31
87	-60	8
-14	36	10
100	97	94
48	-56	41
85	-99	47
-100	-89	-85
-69	75	25
-35	39	27
-48	82	-2
16	78	-59
73	-27	-11
-77	31	75
-26	-39	94
-23	-6	60
-75	83	23
-90	77	42
43	66	-73
-100	-80	-88
-13	7	38
-53	47	36
79	-3	-40
64	-52	22
-30	-36	95
44	20	-29
-93	23	98
12	47	-25
-52	68	15
52	54	-70
54	34	-52
1	-39	69
79	-40	-4
94	-21	-37
10	47	-23
-78	71	37
-17	-9	57
30	80	-74
29	17	-12
3	-17	46
-100	-70	-57
-100	-45	-73
5	52	-24
-100	-98	-44
46	85	-94
4	-17	44
-46	80	-2
-1	-46	77
-100	-98	-20
27	36	-29
95	-50	-9
20	0	13
-40	97	-24
-100	-85	-58
-34	-36	99
-76	18	86
-13	-10	54
23	-36	45
-100	-99	-15
92	-73	15
-34	4	60
90	46	-98
61	18	-43
37	11	-14
18	-60	73
-53	12	71
39	-46	39
30	26	-22
-6	45	-6
-31	67	-4
-40	17	53
39	39	-43
98	-92	28
-100	-71	-94
1	-48	78
-69	23	75
48	-55	40
6	-16	42
79	51	-92
-29	98	-35
83	-78	29
26	-82	87
-36	39	28
-83	86	27
37	-90	84
-6	16	22
14	73	-52
43	-97	85
3	95	-63
-91	34	85
30	-42	44
-44	-17	90
-48	91	-11
-35	41	25
2	-64	92
-100	-55	-56
-38	67	3
-61	74	18
-74	76	28
57	-73	49
-88	97	21
14	58	-37
-100	-21	-50
31	-35	36
-87	24	91
50	66	-80
41	-78	69
-87	29	86
6	-10	36
24	42	-32
48	53	-65
24	28	-18
-100	-57	-79
-64	96	-1
92	-58	1
-35	15	50
52	76	-91
59	-46	21
52	-14	-4
73	50	-86
-14	32	14
7	-30	54
91	-40	-16
81	-46	0
-100	-8	-92
-40	-5	74
-17	50	0
-1	2	31
-12	49	-4
51	80	-94
37	-99	93
-31	-22	83
-53	-13	95
42	-94	84
30	-11	14
64	-11	-18
86	43	-91
-51	7	73
-2	27	7
-57	3	83
-42	71	3
8	95	-68
97	-87	24
-8	-63	100
-66	63	33
-15	-40	85
0	71	-37
97	-7	-53
47	-18	5
87	14	-64
-58	12	75
3	-16	44
-91	63	57
91	-84	27
62	62	-87
64	-14	-15
-34	77	-11
39	63	-66
83	22	-68
-100	-88	-63
-61	21	69
-32	-33	94
63	0	-28
62	-58	30
-74	32	71
71	22	-57
0	5	27
33	46	-44
25	36	-27
-18	-49	97
41	84	-89
71	-63	26
43	28	-36
-58	10	77
99	-99	34
69	67	-99
27	-57	61
44	-13	3
-4	71	-33
-26	-16	72
47	58	-69
100	-20	-44
-9	82	-39
17	-28	43
87	-70	17
38	32	-35
-47	71	7
24	-41	49
-19	-29	78
-59	93	-3
37	-15	12
94	-16	-42
41	-88	78
73	50	-86
61	-30	3
-18	61	-10
39	79	-82
-44	42	33
-88	25	91
97	-65	3
13	75	-53
-40	99	-26
47	-99	84
-59	89	1
95	4	-62
8	-44	67
-100	-95	-68
59	-29	4
70	-52	16
4	79	-48
-64	10	83
70	62	-95
-1	-11	43
-89	21	96
-100	-91	-69
67	-66	32
83	24	-70
-28	-42	99
33	-17	17
13	12	8
-100	-93	-91
-89	26	91
-47	80	-1
47	17	-29
37	-77	71
-83	60	52
-9	-57	96
-33	98	-32
-41	13	58
68	3	-36
-90	78	41
59	4	-28
10	78	-53
-61	5	85
-44	69	7
66	-26	-6
-100	-97	-65
14	-61	78
60	-86	59
58	-5	-18
75	44	-82
-10	36	6
54	-30	10
-44	24	50
-76	7	97
56	-32	10
-100	-100	-73
-76	84	22
61	-13	-13
-78	68	40
28	47	-40
-2	12	22
-36	23	44
35	-34	32
40	-59	51
8	70	-44
-28	17	42
32	2	0
3	65	-34
87	-51	-1
-21	18	34
-43	37	37
61	-27	1
-55	14	71
14	98	-76
70	53	-86
-47	55	23
65	18	-47
43	38	-45
4	31	-2
1	-54	83
-52	-11	92
53	43	-60
-74	33	70
40	3	-9
-57	67	21
41	8	-15
3	78	-46
71	27	-61
44	20	-29
42	77	-83
-78	43	64
24	-15	23
-18	24	26
17	66	-48
-50	5	74
-12	11	33
-32	-9	71
90	-15	-39
50	7	-22
89	-71	16
72	-47	9
28	31	-24
-98	74	53
13	-14	33
24	-81	88
2	-70	98
63	55	-81
46	20	-31
23	-33	42
-91	73	47
-100	-95	-83
72	24	-60
73	9	-46
-12	50	-5
-59	5	83
48	57	-69
-79	95	14
27	-1	7
-53	34	49
-87	96	21
-77	20	85
-54	83	3
51	-82	63
-12	100	-54
74	36	-73
-90	83	37
-94	22	100
87	-81	28
-21	2	50
60	40	-64
59	41	-64
6	98	-69
-87	94	23
-99	47	80
83	23	-69
-40	-3	73
-9	48	-6
-50	63	18
-1	56	-22
91	-72	15
-42	-26	97
-3	-51	84
-100	-90	-56
63	12	-39
68	64	-94
73	-78	38
34	44	-43
-74	59	45
96	-77	16
76	-67	25
3	-8	37
18	31	-15
77	-92	48
-100	-90	-65
-100	-79	-94
-29	99	-37
-38	-10	78
-54	93	-7
30	76	-70
100	-99	33
27	91	-82
-43	22	51
88	-71	18
-73	32	70
100	63	77
29	-23	27
-27	67	-8
56	55	-74
-100	-97	-74
30	-11	14
48	-83	67
-17	82	-32
-95	50	73
83	4	-51
-52	-16	97
-76	7	97
93	-22	-35
-46	-11	86
60	-65	38
25	26	-17
-100	-51	-70
-42	38	35
29	77	-70
45	13	-24
89	19	-71
17	-16	31
75	-17	-23
-76	62	44
84	-47	-2
-23	-22	75
-44	-20	93
-43	29	44
19	-61	73
2	-45	74
-45	13	62
24	88	-76
-49	9	70
-20	41	11
44	-68	56
90	15	-68
-100	-70	-72
-62	20	71
-20	-42	92
90	17	-70
20	28	-14
-33	-4	67
-26	57	1
74	37	-74
-46	87	-9
59	75	-97
-12	-13	56
-80	31	77
65	66	-94
-11	11	32
-37	58	11
-43	53	21
-27	81	-21
7	74	-46
100	-5	-58
-52	45	37
80	-66	20
-81	23	86
-100	-80	-69
-36	95	-26
-14	-31	75
-9	73	-30
-45	73	4
-50	99	-17
-8	-63	100
-52	94	-10
29	67	-61
43	-98	86
-80	26	83
97	18	-78
14	12	7
-40	80	-8
-21	12	40
45	-49	37
46	-23	11
78	-66	22
-9	10	31
5	62	-33
-45	-5	79
-59	100	-9
-25	88	-30
87	-45	-7
-100	-99	-67
-100	-42	-70
-37	1	66
-16	67	-18
91	-58	2
42	51	-57
7	-61	85
-100	-81	-35
2	44	-13
29	23	-18
-35	95	-27
19	40	-25
-16	-10	57
-16	59	-10
50	62	-75
-100	-60	-47
-65	21	73
-20	100	-46
-25	73	-15
-23	11	43
-48	41	38
80	21	-64
75	-96	54
-69	100	0
77	-71	28
-8	6	34
1	73	-40
74	17	-55
-91	25	94
34	16	-16
69	5	-38
-100	-79	-65
84	-85	35
-95	55	69
14	-78	94
-49	7	71
89	15	-67
-15	22	25
66	43	-72
100	-2	-61
37	95	-96
82	21	-66
-50	68	13
-20	-43	93
35	-52	49
-36	30	37
-32	-27	88
26	-11	18
84	-17	-31
12	58	-36
-19	3	47
100	81	82
27	0	6
-47	8	68
-95	79	45
-19	23	28
-81	87	24
88	-92	38
73	-33	-5
-27	-29	86
-8	74	-33
-63	98	-4
40	-38	31
-88	68	49
75	-5	-34
-48	58	21
-17	-26	73
-42	38	35
73	-44	5
31	2	0
-28	-26	84
58	72	-93
23	89	-76
74	12	-50
-48	70	10
-81	29	80
27	16	-9
51	-63	45
72	-25	-12
-26	95	-36
9	73	-48
-30	57	5
-80	83	27
59	61	-83
-63	-1	92
-2	82	-46
-43	12	61
-97	66	60
-100	-69	-46
-35	46	21
55	-87	64
83	-63	14
-28	66	-5
96	18	-77
18	78	-61
50	-37	21
-77	98	10
6	57	-29
-16	61	-12
-27	-14	71
99	12	-74
-26	84	-25
-82	55	56
33	-43	42
56	52	-71
-82	88	24
-13	-29	73
-70	29	70
-25	26	30
-63	84	10
35	-39	37
-72	92	11
-93	97	26
41	18	-25
-10	11	30
-9	-5	45
27	-3	9
-3	-33	67
-59	6	82
-21	54	-1
14	-35	52
38	5	-9
-42	49	24
-31	7	54
-100	-81	-76
80	52	-94
42	93	-98
-33	11	53
92	-46	-11
34	-75	72
-95	75	49
-97	28	97
58	-90	64
30	56	-51
36	-80	75
88	-43	-10
-83	27	84
-83	22	89
30	-98	99
-98	81	46
25	46	-37
54	-28	8
38	27	-30
33	-19	19
66	-99	65
-75	88	17
4	82	-51
-71	93	9
-16	-20	66
80	-68	22
21	-66	76
-68	92	7
-95	78	46
-51	-8	88
-71	47	54
43	-22	13
68	35	-67
99	17	-78
-92	87	35
74	-74	34
40	-19	12
-67	59	38
-8	92	-50
-100	-79	-99
97	33	-92
62	24	-50
-91	27	92
4	97	-66
-100	-59	-68
57	-35	12
-71	40	61
-100	-70	-46
86	13	-62
3	6	23
-100	-66	-57
67	-58	25
10	-52	73
89	39	-91
-79	14	93
-100	-39	-79
72	-96	57
77	-41	-1
-10	-18	59
43	5	-13
-13	-35	78
30	-84	85
-73	84	20
-61	96	-3
-100	-36	-65
66	29	-59
49	68	-80
8	64	-38
-29	-20	79
82	-98	49
-95	58	65
-60	9	80
61	-39	12
-30	-20	80
71	-72	35
-31	-8	69
16	4	13
28	58	-51
-85	57	57
64	-23	-7
-25	10	46
-47	89	-10
-41	10	61
33	-14	14
-7	1	38
91	34	-88
-27	1	57
23	-14	24
-100	-69	-12
46	-10	-2
-42	28	44
64	-65	34
96	-57	-4
76	-26	-15
-14	43	4
24	-44	52
15	0	18
99	-32	-31
-8	74	-32
-66	49	47
-76	36	69
-57	32	55
83	47	-93
16	-44	59
-40	27	43
0	75	-41
-24	-17	71
97	-68	6
4	37	-8
-39	89	-17
82	-67	19
38	66	-68
71	-24	-12
-55	75	11
-100	-32	-97
61	17	-42
-59	93	-2
28	-86	89
98	19	-79
-44	-21	94
55	36	-55
82	-39	-8
99	-20	-42
85	27	-75
-57	22	65
-33	7	56
35	32	-32
-9	-55	94
-20	-7	57
-100	-73	-85
1	69	-36
-70	48	52
-5	74	-35
-100	-57	-57
-73	16	85
-11	65	-21
-14	-43	87
-21	99	-45
6	69	-41
27	-40	45
-100	-60	-69
64	-41	11
-51	-19	98
-58	65	24
30	-90	91
-66	97	0
-100	-51	-73
99	-84	20
51	80	-94
34	67	-66
100	-23	-41
-100	69	60
-86	45	70
-1	52	-18
-50	35	45
-69	58	41
-19	94	-41
59	5	-29
-97	34	91
56	12	-33
-24	-14	68
76	-98	55
-56	59	28
35	-7	5
-61	36	55
10	28	-5
7	12	14
78	-35	-8
-62	60	33
-28	49	11
62	-40	12
-100	-98	-72
38	32	-35
14	26	-6
4	76	-45
-11	4	38
-33	2	61
-45	5	70
-100	20	-91
27	83	-74
78	-97	52
-24	-28	82
99	-11	-51
66	60	-89
-62	52	40
-100	-46	-45
62	-72	43
16	12	5
72	-22	-15
-24	75	-18
-64	16	77
-90	95	25
32	52	-49
-50	58	23
49	42	-55
-41	-27	97
-33	20	44
68	3	-36
79	38	-80
-22	-12	64
4	67	-37
1	-54	83
-84	77	37
-11	25	18
-49	-10	88
50	-63	45
71	48	-82
49	-33	17
-33	98	-32
69	-68	32
-50	10	70
66	-54	22
-97	82	44
89	-93	38
-12	-52	94
-51	59	23
92	-23	-33
81	-59	12
5	-21	47
66	7	-37
74	45	-82
24	-42	50
-41	-22	92
-61	18	72
-55	22	63
79	-18	-25
67	25	-56
44	-1	-9
70	-31	-4
-51	20	61
-95	86	38
-64	0	92
8	49	-23
6	75	-47
-28	47	13
76	62	-100
78	-3	-39
-100	-33	-58
-3	8	27
-50	69	12
46	-91	77
5	-43	69
24	-11	20
40	-73	65
-53	58	26
33	-91	89
7	-32	57
-10	52	-9
-79	13	94
60	43	-67
-6	72	-32
-66	39	56
17	-59	73
-57	86	3
88	-42	-11
10	19	4
-52	29	53
75	-76	35
-100	-95	-55
63	-42	13
-18	-23	71
-100	-37	-40
81	16	-60
-100	-82	-90
-33	-26	88
-42	59	14
58	-58	33
40	72	-76
55	21	-41
25	-45	52
-100	-55	-54
-55	-16	100
95	-53	-7
44	1	-11
83	-40	-8
2	35	-4
42	-51	42
-36	79	-11
6	29	-2
12	-64	83
93	0	-56
-22	-15	67
-100	-70	-50
64	-95	63
50	-62	45
-60	17	72
92	-20	-36
-36	-3	69
41	-83	74
79	12	-55
-37	91	-22
29	-72	74
-54	91	-5
20	-50	61
-74	10	93
2	71	-39
-82	14	96
-64	43	51
8	-41	64
96	2	-61
-69	29	69
-66	38	58
84	-6	-42
20	32	-18
-100	-92	-86
-67	4	91
22	-74	83
16	85	-66
42	-71	61
40	15	-21
-23	4	50
-71	19	81
5	-58	84
-12	-38	80
-83	59	53
100	67	75
-86	89	27
66	35	-65
29	34	-28
42	22	-30
8	90	-63
37	-8	5
-1	-60	91
62	-29	1
30	64	-59
11	-74	93
53	61	-77
14	-68	85
91	-56	0
74	0	-38
52	28	-44
32	52	-49
-75	3	100
95	-66	6
80	-68	22
-67	30	66
-45	7	67
72	26	-62
2	44	-12
-100	-15	-62
-65	66	29
-100	-94	1
-100	-82	-97
78	-15	-28
63	-6	-22
34	14	-14
37	70	-71
46	10	-21
48	22	-35
55	-11	-10
-95	91	34
23	-25	34
15	-80	95
-85	17	96
15	-71	86
29	11	-6
72	10	-46
45	-42	30
99	-80	15
60	33	-57
17	-39	54
-10	5	37
27	-81	85
49	-38	22
82	-94	45
98	-34	-28
6	46	-18
100	81	62
-47	-22	98
94	-16	-42
-69	42	57
42	90	-95
1	25	7
52	64	-79
90	-81	25
62	-17	-10
-42	35	38
47	-48	34
48	14	-27
-33	47	18
-100	-94	-6
48	-92	76
-87	95	22
-37	14	53
100	-31	-33
18	-45	58
-34	36	29
83	-90	40
4	4	24
55	5	-25
-51	5	75
52	74	-89
-100	-91	-67
-17	-20	68
65	-83	51
-88	24	92
-98	40	86
60	-77	50
24	87	-75
35	99	-97
-78	35	72
49	55	-68
96	5	-64
43	-26	16
13	-24	43
38	31	-34
-41	-25	95
-100	-94	-36
100	72	79
-69	63	36
69	-26	-8
-100	-89	-85
-99	71	57
44	-74	62
-74	28	75
61	-25	-1
-59	92	-1
-5	-27	63
19	73	-57
-100	-80	-89
-40	-19	88
-100	-94	-78
64	-13	-16
94	-15	-43
75	30	-68
-46	20	56
55	-63	41
83	-27	-21
-6	16	22
43	80	-86
-66	69	28
-93	90	33
-66	82	15
-16	-24	71
-85	26	87
82	-33	-14
62	-92	63
-28	-29	87
69	60	-92
-50	7	73
-58	83	6
-67	85	13
46	28	-39
-88	27	89
-16	-30	76
11	24	-2
0	-65	95
-70	-1	99
78	-72	28
62	29	-55
-100	-19	-58
-27	-35	91
72	-90	51
32	48	-45
95	43	-100
-35	-28	92
84	-11	-37
73	-12	-25
-4	100	-62
-18	42	8
34	-80	77
12	27	-6
-100	78	51
-28	39	21
13	97	-74
-75	18	85
81	-68	21
62	38	-64
-100	-79	-36
20	47	-33
13	-66	84
82	-30	-17
-12	-55	97
82	6	-52
-7	-32	70
-100	-57	-32
41	-48	39
-25	-33	88
-38	3	65
34	32	-32
49	65	-78
-19	51	1
-88	66	51
31	-46	47
42	81	-86
-100	-67	-18
-76	51	54
-65	94	2
66	-100	66
99	-86	22
81	-81	34
16	71	-52
-100	-99	-26
-23	73	-17
-17	59	-9
28	94	-86
66	-16	-15
24	-91	98
-41	22	49
96	-45	-16
15	-84	99
19	29	-15
94	-95	35
75	-39	-1
88	8	-59
27	-15	21
-58	32	56
-90	25	93
-72	20	80
12	67	-44
-63	4	88
8	-49	72
-32	0	62
100	95	79
-90	33	85
-100	-66	-26
-87	87	30
-76	76	30
-70	18	80
100	81	76
-65	59	36
-39	-1	70
41	-32	24
83	-14	-33
-70	22	77
21	-60	70
-46	42	35
71	57	-91
57	11	-33
59	-33	8
51	-4	-12
71	28	-63
-49	-14	92
-31	64	-1
-45	33	43
87	-14	-37
-8	76	-34
8	94	-67
-86	98	18
27	47	-39
-100	-93	-93
65	6	-35
22	-28	38
14	88	-67
-67	30	66
48	-54	39
-100	-72	-44
2	-54	82
-100	-30	-85
-21	13	39
-100	-70	-31
75	17	-56
19	97	-80
-17	27	22
-40	50	21
-50	-12	91
60	10	-35
73	-51	12
10	-22	44
77	11	-52
80	-71	25
-100	-29	-75
35	58	-57
91	-17	-38
39	95	-97
-100	-96	-46
78	-30	-13
47	-84	69
-33	6	57
36	86	-86
-15	81	-33
-20	-43	92
42	-48	39
-22	98	-42
76	-18	-22
84	-80	30
-24	96	-38
27	16	-9
75	-1	-38
-6	-62	98
41	-39	31
-63	-2	93
54	81	-98
-10	-9	50
-57	92	-3
95	-59	-1
-100	-75	-92
-62	88	5
-7	41	-1
57	-57	33
49	-87	70
-29	38	23
50	15	-30
0	29	4
62	-64	35
-10	-8	49
-1	7	26
91	-74	18
10	61	-37
26	53	-44
62	-32	4
60	78	-100
82	-45	-2
79	-32	-12
-100	-41	-52
78	14	-56
-93	27	94
-84	79	35
-19	10	40
-37	-14	81
-30	97	-34
-35	87	-20
-28	-20	78
5	92	-62
19	5	9
85	-2	-47
92	5	-60
-82	16	94
-47	27	50
47	-87	72
-62	52	40
-99	98	31
65	-98	66
70	-25	-10
-51	64	18
47	-10	-3
-100	-40	-87
-3	65	-28
-54	-4	87
-69	87	13
-54	51	33
65	-65	34
91	22	-75
-30	45	17
28	-39	43
84	27	-74
1	97	-63
82	3	-49
62	50	-75
55	-92	69
13	-65	83
-68	19	78
-77	45	61
-14	-40	84
58	35	-57
24	-26	34
82	-32	-15
-22	-23	75
-100	-26	-71
40	-83	75
61	-91	62
100	72	77
40	48	-53
-6	-28	65
-62	1	90
-1	16	17
50	86	-99
-69	18	80
67	33	-64
-77	60	46
-9	19	22
-62	74	19
72	-49	11
-100	-97	-17
86	4	-54
-77	64	43
68	-2	-30
-36	88	-19
-89	84	35
35	-6	5
60	35	-59
50	41	-55
-51	63	19
-27	-23	80
-52	3	78
21	-36	47
76	-67	25
30	2	2
97	11	-71
23	-71	79
80	-10	-34
-41	-4	75
98	-96	32
32	68	-64
14	-43	60
13	-22	41
-48	57	22
-76	63	43
75	35	-73
52	84	-99
-100	-7	-58
70	-23	-12
-45	57	19
64	-89	58
-43	65	9
74	-59	19
41	13	-19
-94	79	44
32	87	-83
-64	15	78
-23	-7	60
-47	38	40
-79	35	73
34	2	-2
83	-93	43
-80	63	46
-88	79	39
24	-7	16
87	-26	-25
34	-58	56
-44	-6	80
-47	56	22
-19	0	50
-95	69	55
-30	-22	82
-100	-21	-60
94	44	-100
56	-76	53
-100	-60	-100
88	-25	-27
82	4	-50
-100	-63	-97
19	-68	80
87	7	-57
-46	21	55
55	37	-56
-53	-3	85
20	-71	82
2	100	-67
83	-83	34
61	35	-60
-86	98	18
-100	-78	-28
21	-14	25
-71	24	76
-64	48	46
7	-29	54
-86	19	95
74	-71	30
97	-1	-59
42	-18	10
57	4	-26
-2	-53	85
-59	15	73
89	-49	-5
-56	68	19
-72	33	68
57	-19	-4
99	26	-87
14	-52	69
42	37	-44
-72	5	95
-100	-93	-69
35	-57	54
77	-10	-31
-83	53	59
100	93	44
-1	66	-31
18	-5	20
-22	38	16
-59	9	79
-51	3	77
19	-59	71
79	-89	44
-23	-27	80
9	-21	44
99	-9	-53
87	-1	-50
-33	-6	69
10	11	12
-51	88	-5
90	-23	-31
91	-32	-24
70	-21	-14
50	30	-44
-25	4	51
44	38	-47
31	97	-91
6	-28	53
-18	2	47
30	22	-18
-30	-7	67
-72	18	83
60	-92	64
-82	77	35
-88	42	75
89	-37	-17
-7	45	-5
-100	-72	-71
-45	24	51
-32	-24	85
-61	0	90
-48	77	3
89	-28	-25
47	-45	31
95	-56	-4
-62	11	80
80	-34	-11
-74	20	83
-81	63	47
-100	-99	-56
-59	75	15
19	76	-60
21	43	-30
100	74	75
27	-24	30
51	37	-52
-11	74	-29
1	-58	87
28	-56	60
-100	-61	-88
-42	-9	80
-95	68	56
88	-74	21
-17	-42	89
-4	33	4
42	-77	67
92	-36	-20
31	12	-9
-37	15	52
-10	96	-52
-82	89	23
-19	71	-19
44	38	-47
95	-32	-27
93	-49	-9
18	-81	93
50	-26	10
30	-60	62
-88	91	27
-74	4	98
54	0	-19
45	58	-67
-48	-6	83
4	80	-49
-26	21	36
-46	42	35
24	-35	43
42	9	-16
70	-30	-6
-73	21	81
81	22	-66
74	-8	-31
58	28	-50
-1	91	-56
61	-10	-16
-50	41	40
-14	-1	46
92	-33	-23
90	32	-84
-74	3	99
-32	-26	87
-70	2	96
4	76	-46
-49	37	42
-31	72	-9
39	64	-67
56	25	-45
64	-65	34
60	-63	36
46	-61	48
-71	74	27
99	-66	2
90	-16	-38
52	-45	26
-66	5	90
86	2	-52
91	-100	42
-60	67	24
-41	67	6
-100	-76	-18
-78	78	30
73	31	-67
44	6	-16
82	-94	45
58	-39	15
-44	-12	85
-9	-57	96
-91	28	91
-78	36	71
25	-63	69
-5	-27	63
-100	-46	-51
69	19	-52
98	-26	-36
-20	54	-1
35	20	-21
-66	32	63
24	90	-78
66	67	-95
-82	63	48
84	44	-90
21	0	12
-29	49	12
51	55	-70
78	-46	3
-64	67	28
17	-14	29
61	-18	-8
55	-50	29
4	34	-5
20	-31	43
-39	-1	70
-58	37	51
-38	7	61
-85	39	74
-6	81	-41
-100	-89	-84
99	34	-95
60	67	-90
-70	53	47
16	95	-76
-24	53	3
-50	77	4
-100	-40	-60
-19	85	-33
-100	-30	-88
-100	-69	-96
36	-68	64
20	-12	25
92	-70	13
57	69	-89
58	-95	69
26	-68	73
98	-32	-30
83	-19	-28
49	60	-73
-73	13	89
42	41	-48
-29	-35	93
-81	91	20
-11	4	38
46	4	-16
-83	96	17
-95	95	30
-43	-23	95
-41	100	-26
-15	71	-23
75	-76	35
31	-1	3
92	-92	34
-40	-5	75
-76	95	11
35	-3	2
96	5	-64
46	84	-93
29	9	-4
-56	25	61
13	-14	33
61	-29	2
-26	-12	68
-40	73	-1
-66	-2	96
-1	-34	66
90	-3	-50
-83	33	78
-43	86	-11
-8	41	0
20	-64	75
-77	71	36
-2	-26	59
29	55	-49
88	-11	-41
-23	8	46
-37	-26	92
-17	62	-12
58	-29	5
-49	-7	85
82	-62	14
74	-79	38
98	-58	-5
-18	62	-11
-10	-26	67
80	-40	-5
-85	23	90
-51	44	38
-100	-61	-18
81	29	-73
-9	-12	52
0	-10	41
-77	33	73
-100	-77	-60
65	16	-45
-68	12	85
-54	15	68
-21	46	7
7	53	-26
-100	-69	-64
-45	37	38
72	-81	43
100	-38	-26
27	-41	46
-65	-2	96
-93	68	54
12	53	-31
53	49	-66
-20	-25	75
-23	74	-18
-100	-7	-57
35	-58	55
43	-8	-1
-64	76	19
64	-80	49
51	-96	77
-59	41	48
17	15	1
23	70	-58
24	-46	54
78	-79	35
-7	22	17
57	67	-87
3	22	7
-45	94	-16
-42	83	-9
91	-57	1
-17	-15	63
40	-50	43
-47	77	2
-57	57	30
84	-56	6
-6	58	-19
78	-14	-28
79	24	-66
-53	38	45
95	-79	18
40	46	-51
-64	58	36
-100	-97	-56
34	-27	26
46	-68	54
-60	87	4
7	7	18
-88	44	73
26	-43	49
100	-59	-6
36	8	-10
-21	24	29
-100	-82	-94
-11	-36	77
96	-72	11
-14	38	8
68	-19	-14
-89	93	26
38	12	-16
-22	76	-21
91	-3	-51
37	-36	32
-54	9	74
-92	66	55
-82	66	46
4	-60	86
-7	-60	97
47	-20	7
78	-82	38
84	-3	-45
-92	59	62
-27	55	4
79	20	-62
68	-48	14
35	22	-23
-71	87	15
-65	33	61
-73	46	56
60	4	-29
-90	59	60
-16	-38	84
66	61	-90
10	88	-63
97	10	-70
-100	-36	-34
61	38	-63
6	93	-64
-38	35	34
63	63	-89
-3	-12	46
-20	-32	82
-8	53	-12
-70	100	1
95	-82	22
18	66	-49
-94	89	35
-52	80	3
-3	6	29
-36	92	-23
-72	6	94
-33	4	59
-67	94	4
86	-33	-17
69	-74	38
-95	34	89
-46	-8	83
-36	46	21
59	-15	-10
-75	67	38
55	-21	0
0	54	-21
-44	-17	90
23	68	-56
14	-71	88
51	10	-26
12	-23	43
51	-62	43
19	66	-50
92	37	-91
-57	24	63
60	-57	31
99	-78	14
-33	32	32
60	-45	18
67	49	-79
77	-63	20
-70	61	39
-83	98	15
-58	39	49
98	-64	1
41	10	-16
-86	49	66
95	-95	34
-100	-51	-96
24	22	-12
19	21	-7
-100	24	-98
29	-26	30
-52	51	32
-51	33	48
100	68	83
-36	-17	83
35	52	-52
-100	-37	-91
32	-34	35
-9	46	-4
64	63	-90
72	38	-73
80	-78	32
39	50	-53
42	-92	82
31	49	-45
41	-42	34
47	-48	34
60	-39	13
91	-13	-41
-76	52	53
97	-42	-19
-40	22	48
-40	-21	90
-72	48	54
-98	44	82
100	93	92
-16	5	42
87	-12	-39
-48	21	57
78	52	-92
4	65	-35
-28	89	-28
34	10	-10
7	71	-44
-34	67	-1
-51	-7	87
-22	-10	62
-1	-30	62
-79	22	85
-100	-38	-95
-68	78	21
-7	-29	67
-17	34	15
-47	67	11
-100	-82	-49
-10	65	-22
75	44	-82
48	-74	58
99	-34	-29
73	-82	42
40	-21	15
-48	61	18
-53	41	43
-89	45	72
77	-44	2
-88	84	34
8	-53	76
-100	-30	-62
39	-56	49
41	-37	29
47	-97	82
-17	-46	92
24	-43	51
17	30	-13
46	68	-78
86	-90	38
73	-7	-30
-77	33	73
-55	-11	94
49	-91	74
-78	22	85
-17	22	26
-100	-32	-35
-94	73	50
-95	60	64
98	-76	13
31	-67	67
27	87	-78
94	29	-85
47	-73	58
60	-65	38
-32	54	10
-100	-34	-83
-67	84	14
-9	-27	66
-49	6	72
64	16	-44
57	64	-84
-36	13	54
6	-26	52
-15	98	-49
70	15	-49
25	-83	89
73	-55	16
53	-44	25
75	34	-72
-23	-46	98
54	6	-25
50	-22	6
40	-78	70
-100	69	60
91	16	-70
13	76	-54
-18	72	-21
-18	-32	80
90	-11	-43
25	56	-46
-20	47	5
64	43	-71
-56	77	10
-35	5	60
-4	-57	91
-25	-16	71
-62	79	14
12	-30	49
92	-5	-50
-40	-21	90
-79	98	12
61	-79	51
90	-22	-32
-79	47	61
76	-56	14
-16	46	3
61	-27	1
66	-60	27
58	-83	57
7	-35	59
28	75	-68
48	34	-47
-25	-28	82
87	1	-52
4	33	-4
-49	-20	98
61	5	-31
90	42	-94
34	-25	24
30	-40	42
-39	26	44
-51	2	78
42	-19	11
20	-77	87
96	-33	-27
-90	88	32
13	-20	39
-56	46	40
6	18	9
86	-75	23
-25	-33	88
100	86	91
9	72	-47
88	33	-84
-29	62	-1
-80	19	89
35	31	-32
97	-60	-2
67	-86	52
5	46	-17
-10	71	-28
-8	-17	56
2	54	-23
-55	32	53
-46	-13	88
18	89	-72
46	-78	64
-84	44	69
97	-47	-15
17	77	-59
-25	45	12
86	-62	10
76	-89	46
72	28	-63
-43	33	41
88	-17	-35
86	30	-78
-47	90	-11
83	23	-69
-12	-29	71
-64	-5	97
84	51	-97
-56	77	10
-12	82	-36
-100	-29	-42
-89	95	24
72	-89	50
66	-64	32
-51	82	1
-14	0	45
77	58	-97
98	-44	-18
-41	70	3
-100	-72	-4
-100	-90	-67
15	4	14
62	-94	64
-99	38	89
-100	-77	-21
-53	5	77
-78	17	90
3	99	-67
-14	92	-44
-33	-26	88
-47	39	39
21	-17	29
-37	94	-24
49	-59	43
-79	17	90
15	9	9
-67	14	81
-9	71	-28
-100	-93	-99
100	98	95
41	-32	24
-93	83	39
98	-28	-34
25	-9	17
-67	51	46
-37	36	32
21	-61	71
-60	4	85
22	-90	98
77	-100	56
-59	77	13
77	23	-64
-100	-44	-25
-61	88	4
-62	-1	92
-3	32	4
-100	-70	-73
-96	55	69
95	8	-66
24	-90	97
71	-27	-9
-91	45	75
35	-18	16
-92	87	35
73	0	-37
-4	12	24
-100	-62	-55
-80	90	20
-58	90	-1
-60	88	3
-54	-8	91
4	-9	37
55	-43	21
-21	11	41
-36	53	15
0	-47	78
-99	80	48
-70	29	70
98	-62	-1
33	-13	14
-92	43	77
-24	-43	96
-14	-43	87
23	32	-21
79	-66	21
24	-43	51
-75	90	15
-10	43	0
78	18	-59
-37	-23	89
44	-70	58
100	70	81
-35	46	20
-2	67	-31
99	-41	-22
17	-69	83
87	-10	-41
-77	69	38
-73	67	36
54	-22	2
-91	29	90
5	-25	51
-93	60	61
27	78	-69
72	-85	46
88	-90	36
100	93	98
90	-84	28
-46	-5	81
-30	15	46
-79	71	38
-96	77	48
-86	94	22
32	23	-20
21	-36	47
-22	37	17
75	-57	16
-88	63	54
69	-66	30
-53	44	40
-96	48	76
-6	-53	89
-74	66	38
37	3	-6
49	72	-84
-73	56	47
-100	-34	-98
-39	19	51
73	-47	8
41	-3	-4
-100	-83	-95
-5	-65	100
-100	77	52
-45	31	44
10	-35	56
76	-10	-30
-100	-9	-66
96	4	-63
-25	30	26
50	-74	57
47	37	-49
83	-25	-23
-100	-42	-80
96	-32	-28
47	-71	56
-99	73	55
-100	-84	-99
-75	51	53
8	15	10
100	86	94
69	-53	18
-17	9	39
85	40	-87
60	53	-76
-34	-8	72
-27	98	-38
59	2	-26
87	-30	-21
-100	-9	-65
-46	34	42
60	-67	40
-13	80	-33
29	6	-1
-100	-72	-33
76	-61	19
-38	77	-7
68	3	-36
18	77	-60
88	44	-94
-43	32	42
43	-7	-2
-41	81	-8
-100	-37	-67
56	-68	45
75	-75	34
-5	-10	46
86	-23	-27
-79	89	20
-53	99	-14
-76	39	66
56	-23	1
44	5	-14
-73	100	4
-100	-92	-16
-44	100	-23
77	1	-42
49	-86	69
100	73	59
71	31	-66
-55	82	4
0	-51	82
-16	-17	63
15	85	-65
-100	-28	-91
-9	36	6
37	-79	73
-35	-32	96
80	-34	-11
92	-87	29
-17	89	-38
58	30	-52
-40	34	37
22	74	-61
-24	-47	100
-12	65	-20
-79	48	60
77	-63	20
91	-18	-37
-43	-26	98
79	52	-93
-23	63	-8
40	72	-76
-100	-97	-61
-43	36	37
-29	95	-33
1	60	-27
-98	46	80
-44	38	37
71	-77	39
87	-47	-5
-62	-6	97
-100	-47	-56
95	-97	36
19	70	-54
-45	22	53
92	-39	-17
3	2	27
97	17	-77
-14	-42	86
99	22	-83
82	-42	-5
-100	15	-82
69	-79	43
-51	95	-12
-100	-71	-17
6	87	-58
64	18	-46
85	-75	24
27	-46	51
20	-86	97
-16	47	2
100	60	69
-85	18	95
-100	-46	-57
33	-66	65
-84	28	84
2	-30	59
-38	-21	89
0	-5	37
-2	49	-14
49	-93	76
-70	51	49
-89	39	78
9	-54	76
31	46	-42
-79	75	34
53	13	-31
98	-17	-44
-92	86	35
-47	41	37
75	-35	-5
-22	-29	81
23	1	9
-25	14	42
79	38	-80
-18	52	-1
-100	-84	-23
11	64	-40
-67	24	72
92	6	-61
-100	-85	-80
-46	45	32
18	61	-44
89	-21	-32
91	-46	-10
94	-21	-37
99	-61	-3
78	-74	30
-21	29	24
32	79	-75
8	83	-56
34	88	-86
-45	14	61
-76	98	9
-28	-40	97
-74	57	47
77	58	-97
55	-100	77
100	84	54
89	22	-74
-33	64	1
-100	-54	-53
52	-5	-13
-20	-40	90
-35	100	-32
100	95	100
-77	54	52
-100	-23	-59
-66	48	48
-100	-46	-69
10	54	-30
-95	93	32
12	-26	46
-100	-50	-41
65	-59	28
-100	-94	-62
-47	16	61
13	30	-10
69	-57	22
69	39	-72
-79	79	30
31	-47	48
62	-25	-3
-86	24	90
16	51	-33
81	38	-82
13	35	-14
84	-39	-10
93	-65	7
-24	97	-39
-45	8	67
12	-30	49
-100	63	65
32	59	-56
-68	70	29
-67	-5	100
71	-28	-8
-61	92	0
-100	-93	-65
100	69	91
39	75	-78
79	-14	-30
-100	-99	-82
-33	49	16
-100	-100	-33
-100	-83	-95
36	64	-64
23	-1	11
92	-13	-43
9	79	-53
100	94	69
74	11	-49
-100	-35	-30
2	50	-18
69	66	-98
-25	69	-11
-11	55	-11
-8	7	33
-87	83	34
-52	69	14
12	53	-31
-72	41	60
-13	36	9
-7	71	-31
-18	-43	90
67	-29	-3
-97	94	33
-11	50	-6
31	27	-24
-16	-48	94
93	24	-79
-84	19	93
74	-49	10
-80	16	92
87	50	-99
84	-58	9
-38	-10	78
-33	-13	76
73	-100	60
78	-90	45
-90	73	46
83	-18	-29
35	-37	35
97	-50	-11
26	56	-47
6	-51	76
26	37	-29
91	-18	-37
-69	71	28
-3	62	-25
10	-1	23
51	52	-67
-65	79	17
16	93	-73
39	-41	35
-37	61	8
-100	60	68
89	-5	-47
-100	14	-85
85	-87	36
4	-4	32
-100	-59	-41
92	-71	13
-51	10	71
75	-53	13
-12	49	-4
-78	53	54
77	53	-92
24	77	-65
76	-91	48
0	-37	68
65	-85	53
97	-34	-27
69	45	-77
100	-56	-9
-100	-43	-37
-79	64	45
69	50	-82
-5	-56	91
74	0	-38
-63	30	62
39	-30	24
30	-55	57
17	-30	45
-100	52	76
2	-59	87
-8	-34	73
-46	54	23
-31	-15	76
-49	53	27
66	35	-65
82	-58	10
7	-53	77
24	74	-62
-93	59	63
-72	77	25
23	-32	41
-74	9	93
33	-75	74
-2	100	-63
-100	-83	-83
100	64	77
80	-53	8
34	-93	90
-100	-64	-100
81	-84	37
-45	77	0
38	39	-42
-7	69	-29
-43	18	55
-8	67	-25
64	0	-29
3	43	-13
100	-33	-31
-81	57	53
37	-22	18
49	-25	10
52	12	-29
28	-59	62
64	-82	51
-37	2	65
82	-64	16
-1	-45	76
66	-14	-17
-100	-88	-70
1	48	-15
8	-36	59
32	-45	45
-39	98	-26
-17	63	-13
-34	100	-33
22	36	-24
-100	-93	-95
89	-94	39
29	-97	99
3	-50	77
-82	91	21
28	87	-79
53	18	-36
-19	-24	73
39	-8	3
-50	-15	94
44	-57	45
-25	42	15
-100	-77	-23
-3	58	-22
-23	60	-5
84	-89	39
35	15	-16
11	-16	37
78	35	-76
-19	-49	97
8	-70	92
100	38	-99
78	7	-49
-14	42	4
-92	76	45
63	-34	5
-70	44	56
33	-70	68
100	87	63
-80	78	32
-62	98	-5
-63	3	88
14	-8	26
6	80	-51
-100	-75	-73
85	4	-52
56	-80	56
80	-6	-38
-100	49	79
64	1	-30
-4	18	18
54	25	-43
37	-48	44
51	74	-88
50	-13	-3
-100	48	80
79	-54	10
-13	-15	58
-4	0	36
67	-94	59
0	24	9
-80	18	90
37	-53	48
-47	12	65
-38	79	-9
-2	63	-27
6	-28	53
-61	46	45
-6	21	17
85	29	-77
67	-76	42
-30	-30	90
72	-91	52
45	-14	3
-68	10	87
-82	47	64
40	-28	21
95	-49	-10
80	-99	52
42	-49	39
24	15	-6
42	20	-28
-16	80	-31
7	-49	73
-40	72	0
-13	12	33
-100	-29	-92
46	-41	28
28	86	-78
49	35	-49
-26	76	-17
-100	-10	-74
60	-100	72
51	84	-98
25	58	-48
11	-45	65
83	-37	-11
-74	38	65
82	-19	-27
61	74	-98
-55	0	84
-54	-14	97
-63	12	80
51	79	-93
14	27	-7
44	5	-15
-90	91	29
-100	-63	-49
-100	-72	-75
-28	16	43
-100	-99	-16
100	100	76
74	6	-44
41	70	-75
79	-80	35
58	60	-82
61	-72	44
53	-23	4
47	36	-47
86	-13	-37
12	25	-4
54	-61	40
-26	74	-15
11	82	-58
-27	17	41
30	-48	50
-3	61	-24
-100	-41	-31
-8	-2	41
-68	67	31
45	-82	69
-100	-75	-66
26	97	-87
37	-67	62
-41	-27	97
-61	30	60
48	65	-77
-42	75	-1
87	22	-72
80	47	-90
26	84	-74
-79	23	84
65	66	-94
-36	37	30
-87	58	58
-35	6	59
-100	-72	-62
24	-78	85
-10	28	14
100	97	94
82	1	-47
88	48	-98
42	-6	-2
89	-19	-34
-75	87	19
-96	69	56
87	-26	-25
-31	-35	95
-35	46	21
73	-35	-3
-16	90	-40
24	-42	50
21	64	-50
-23	55	0
66	7	-37
-22	-29	81
-52	-19	100
60	-58	31
-56	78	9
-85	55	59
29	50	-44
5	-66	91
-35	54	13
-34	59	7
-24	78	-21
-58	-2	89
-21	83	-29
0	-8	40
-40	-12	82
-82	93	19
62	43	-68
-100	-57	-35
93	15	-71
-24	24	31
61	-89	60
64	71	-97
-30	23	38
82	-13	-33
34	79	-77
-89	20	97
67	-29	-3
-41	-23	93
12	-49	68
-44	38	37
3	17	12
6	-12	38
-30	49	13
3	-24	52
25	1	7
-52	70	13
-33	100	-34
-100	-62	-73
-59	-9	97
-4	93	-55
-48	63	16
-100	-15	-67
37	-50	45
-5	-56	91
5	19	9
-100	-11	-79
22	42	-30
-21	21	31
71	-73	35
39	-98	90
82	25	-70
-100	-53	-28
97	-13	-47
78	-44	1
63	-12	-16
-38	8	60
-84	93	21
-33	52	13
2	29	2
91	-3	-51
-51	5	76
31	-68	69
45	71	-80
-45	48	28
-93	44	77
-22	-13	66
75	-63	22
2	-12	42
-91	81	40
71	41	-75
12	83	-60
26	-20	27
-99	99	30
20	46	-32
36	-34	31
-100	-68	-36
-100	-88	-78
-26	71	-13
-52	93	-9
98	-28	-34
82	-2	-44
59	50	-73
94	23	-79
63	31	-58
39	84	-87
-43	0	72
72	-4	-32
-84	97	17
3	18	12
85	-49	-1
-34	59	7
49	-22	7
-46	40	37
-22	52	2
-16	70	-21
-100	-82	-52
-40	58	13
-81	91	21
-100	-61	-52
38	17	-20
-75	51	54
-6	-47	83
-19	89	-36
-15	75	-27
11	87	-63
75	-74	33
54	62	-80
4	38	-9
34	37	-36
47	-20	7
73	-44	6
27	28	-21
67	-99	65
-21	-8	60
-100	-92	-86
-25	47	10
-13	-3	47
100	-66	1
32	-69	69
-38	10	58
-28	31	28
50	-95	77
70	-62	26
-34	37	28
12	-79	97
-5	42	-4
1	58	-25
-26	20	37
-29	89	-27
-25	-40	94
-91	92	29
-34	63	3
-1	93	-58
-91	90	31
-18	-51	99
100	-61	-4
1	35	-3
-23	88	-32
-100	-81	-81
64	-14	-15
95	-89	28
-57	-5	91
-42	29	43
-100	-98	-18
-100	-42	-40
-5	-14	50
-58	37	51
-12	-24	67
-8	-36	75
-10	-14	55
-100	4	-81
26	25	-17
38	-52	46
-100	-75	-58
-6	-63	99
-18	43	7
63	-35	6
61	-7	-19
82	-46	-1
-33	70	-5
7	89	-61
49	-39	23
51	-12	-5
-54	71	14
-71	88	14
92	-47	-10
68	41	-72
-5	-49	84
-50	21	59
-10	60	-17
-5	-34	70
99	-72	8
31	-29	31
85	27	-75
69	-92	56
38	-78	72
-53	71	13
73	-70	31
5	-17	44
-2	2	32
-51	13	67
-11	62	-18
95	-86	25
63	-25	-4
-6	86	-46
-75	67	38
3	68	-37
62	-99	69
62	33	-59
59	48	-71
-68	68	30
5	-14	41
19	-30	43
-68	85	14
-25	40	17
88	-63	10
90	-42	-13
17	40	-23
5	84	-54
-64	-3	95
35	45	-45
71	-57	20
-82	61	50
-73	59	44
17	37	-20
66	-97	64
34	-15	14
-77	68	39
45	3	-14
-100	-30	-77
-77	77	30
91	18	-72
-100	-99	-70
73	48	-84
-69	39	59
-66	86	11
77	-14	-27
72	-44	6
14	-9	28
93	-26	-31
67	-38	5
38	46	-48
-100	-45	-89
12	38	-17
-44	60	15
-56	93	-6
-37	84	-15
23	-36	45
-87	43	73
-79	96	14
95	-25	-34
-56	-14	99
80	-79	33
-34	-16	80
-12	36	8
60	-91	64
16	-46	62
-81	39	71
-54	22	62
18	-43	57
-51	81	2
32	7	-5
72	44	-79
40	60	-64
-100	-11	-100
-53	65	19
100	75	86
74	-98	57
52	82	-97
8	39	-14
64	9	-38
-46	30	46
96	26	-84
-43	94	-19
-46	11	65
21	47	-33
-13	-46	89
-45	78	-1
-66	92	5
68	-20	-13
57	-1	-21
-66	21	74
-48	85	-5
75	-1	-38
54	-72	50
96	-40	-20
-50	6	73
67	-50	17
-25	23	33
99	7	-69
-20	75	-22
-18	63	-12
4	-58	84
-8	86	-44
-32	31	32
-67	8	87
3	21	9
-1	-34	66
-7	29	10
54	-57	36
-82	50	61
-91	78	42
-23	2	52
-100	-94	-74
84	-53	4
-100	-64	-64
93	37	-92
-35	22	44
95	-71	11
48	-65	50
-62	15	76
13	50	-29
2	48	-17
-39	75	-4
-77	23	82
32	19	-17
59	-21	-4
-5	-47	82
97	-92	29
-39	44	26
99	-25	-38
88	-64	10
-89	29	88
-28	78	-17
-42	24	48
-24	-39	92
24	-11	20
-48	93	-13
97	20	-79
-43	8	65
-33	45	20
2	100	-67
-85	100	15
100	-7	-56
67	-88	54
26	59	-50
-93	67	55
3	68	-37
-41	17	54
-13	-3	47
-100	-9	-63
-23	84	-28
53	-17	-2
15	67	-47
-15	0	46
72	24	-59
40	65	-69
27	44	-36
-34	-30	93
22	19	-8
83	24	-70
-100	-82	-64
20	-43	55
-35	12	53
76	-59	17
6	1	25
80	-35	-10
-18	62	-11
58	36	-58
25	-4	12
29	86	-79
42	16	-24
17	95	-76
89	-72	17
47	90	-100
-60	92	0
-29	73	-11
-42	5	67
-41	89	-16
39	7	-12
89	23	-75
2	7	23
62	-28	0
-45	96	-19
75	-96	54
-13	47	-2
-70	80	20
-56	97	-9
100	78	60
-36	23	44
23	0	10
-100	-71	-76
7	-53	77
8	73	-47
26	15	-7
-14	35	11
30	-40	42
-25	64	-7
48	-66	51
-100	-88	-94
56	-36	14
-49	47	32
-99	35	92
-34	34	31
94	-12	-45
-21	47	6
74	-6	-32
59	74	-96
9	-44	66
-80	38	71
29	38	-32
72	25	-61
57	32	-53
57	-39	15
-52	70	13
-100	-42	-46
13	-22	41
67	7	-38
17	33	-16
-29	92	-30
9	73	-48
-83	55	57
34	58	-57
-36	68	0
-16	-37	83
-14	74	-26
-100	-56	-69
-56	82	5
98	-8	-53
41	-73	64
21	93	-78
49	-89	72
-68	46	51
47	-21	8
25	51	-41
-75	33	71
-81	85	26
67	-49	16
-33	88	-22
-3	-63	96
82	29	-74
25	31	-22
-87	92	25
-100	-77	-69
90	25	-77
58	75	-96
-84	100	15
6	-31	56
33	-4	4
43	5	-14
-24	35	21
27	41	-34
56	-26	4
-53	82	2
93	-91	32
91	35	-88
-100	-63	-43
-68	35	62
-2	2	32
-1	-20	52
-100	-3	-97
65	-33	2
95	-64	4
35	1	-2
23	32	-21
-100	-92	-89
41	-81	72
66	-21	-10
55	-94	71
47	-8	-5
100	78	82
-69	12	86
-96	63	62
-1	66	-31
-15	83	-34
94	-5	-52
-25	92	-34
92	-96	38
53	76	-92
-74	63	41
58	-24	0
80	42	-84
-100	3	-92
12	-67	86
-35	-33	97
34	-55	53
84	-30	-19
-27	-14	71
100	52	88
56	10	-31
78	58	-98
97	-86	23
63	33	-60
89	49	-100
-29	40	21
27	-10	16
28	21	-15
72	61	-96
47	55	-66
-37	45	23
-96	70	55
61	-18	-9
34	-56	54
-54	96	-10
75	-13	-27
68	11	-43
-26	-34	89
-72	50	52
-30	54	8
57	-68	44
-18	-1	50
3	72	-41
-35	4	61
-29	69	-8
28	95	-87
-62	61	32
59	8	-32
-19	84	-31
58	-61	36
60	15	-40
-84	13	99
17	10	6
71	-59	22
-88	21	95
6	67	-39
67	58	-88
-100	-42	-83
76	-19	-22
41	18	-24
41	-30	22
-70	4	94
18	7	8
-56	23	63
46	-41	28
-37	96	-26
-8	-54	92
8	9	16
57	-31	8
-1	20	13
-30	55	7
-4	-6	42
19	40	-25
83	-82	33
81	-92	45
79	-76	31
-14	-32	76
-9	27	14
-6	-27	64
-12	61	-16
-100	-79	-95
-59	39	50
-100	-64	-46
64	-14	-15
-21	-2	54
27	-89	93
-55	-5	89
-100	-91	-44
-55	58	28
59	63	-85
57	-71	47
-28	100	-39
89	-18	-35
19	35	-20
-93	99	24
51	-98	79
80	-66	20
-45	28	47
31	-5	7
-57	59	28
81	-25	-20
-64	94	1
-13	-21	65
-62	68	25
21	71	-57
58	-45	20
34	-44	42
-36	73	-5
-5	-19	55
-19	61	-9
34	36	-35
78	-96	51
-1	15	18
-16	-19	66
-100	-40	-86
-100	-24	-55
-24	2	53
49	20	-34
-91	63	57
37	-18	14
78	-5	-37
96	31	-89
97	-7	-53
47	82	-92
-10	43	0
55	21	-40
-100	-84	-37
78	-37	-6
78	-16	-26
51	-4	-12
37	-64	59
-100	-47	-86
-44	43	32
82	-94	45
-20	48	4
-100	-57	-64
5	25	3
79	-51	7
-14	55	-8
61	59	-83
-100	-65	-35
31	-45	46
9	46	-22
89	39	-90
100	-73	8
-90	53	66
39	39	-43
-33	69	-4
-71	20	80
78	5	-47
72	-29	-8
62	4	-31
-23	37	18
-91	82	38
87	-99	46
-92	26	94
-50	10	69
62	-55	26
-77	41	65
100	-84	18
35	-1	-1
39	62	-65
43	27	-35
14	80	-59
68	0	-33
31	36	-33
28	-77	80
-100	-62	-50
0	57	-23
77	-19	-23
98	25	-85
-94	40	82
-41	19	52
-66	93	4
15	17	1
-100	-97	-69
-24	-24	78
55	32	-51
87	-6	-45
-91	50	70
-58	-2	89
-34	51	14
-48	-18	95
87	14	-64
-7	-21	59
-100	-76	-43
-51	-15	95
97	-1	-59
-15	6	40
54	34	-52
40	-73	65
37	-90	84
-42	61	13
91	9	-63
-60	23	67
-63	96	-1
-31	-14	75
27	-19	25
84	-67	17
20	62	-47
86	27	-76
87	-99	46
80	-46	1
-16	-42	88
75	51	-89
-100	-81	-40
-82	53	58
26	-9	16
34	-89	86
14	15	4
-44	99	-23
68	-89	54
45	-61	49
36	-18	15
-34	6	58
98	-84	21
56	-64	41
-38	78	-8
83	2	-49
19	88	-72
-22	-22	74
-69	29	69
-100	-71	-56
97	35	-94
49	-88	71
15	57	-37
-92	33	87
-69	64	35
-3	12	23
-97	64	61
-7	-55	92
33	-77	75
-11	55	-11
-29	-22	81
-100	-55	-22
43	67	-74
84	-61	11
80	51	-93
55	-10	-11
37	-70	65
37	38	-40
-26	40	17
51	-21	4
-14	63	-16
-100	-82	-51
12	79	-56
76	5	-45
-60	51	39
48	-8	-6
-21	-21	72
59	-8	-16
-54	88	-2
82	11	-56
81	-34	-12
-31	49	14
88	-74	21
40	18	-23
32	-21	22
-100	-94	-92
12	69	-46
-94	47	75
80	-80	34
-81	36	74
58	-99	73
13	-29	48
32	5	-3
-37	99	-29
-100	-48	-54
-44	46	29
-100	-50	-85
13	-57	75
43	17	-25
51	-23	6
-92	64	57
-100	-54	-35
50	-69	52
-10	69	-26
-61	-9	98
-100	-59	-84
30	-99	100
54	-75	54
46	-96	81
79	-39	-5
86	-43	-8
14	13	6
-100	-46	-94
97	-56	-5
47	-64	49
-38	18	50
-100	6	-79
45	82	-90
54	-26	6
-29	35	25
-5	-23	59
-82	65	46
-82	23	87
-11	13	30
-100	-56	-26
87	-80	27
100	-71	6
67	-30	-3
-81	81	30
19	7	7
22	20	-9
55	-10	-11
31	-90	90
-39	34	36
14	-57	74
-42	39	34
-74	34	69
83	1	-48
38	-69	63
55	42	-61
40	-35	28
-60	38	52
15	-45	62
-72	18	82
87	-65	13
67	-50	17
58	-98	72
22	-31	41
-83	47	65
-30	78	-15
83	12	-58
-14	-19	63
-100	-74	-20
47	24	-36
-93	21	99
80	22	-65
35	-1	0
-32	92	-27
-56	67	20
26	31	-23
-13	-31	74
90	-99	43
100	60	86
80	54	-96
-78	13	93
28	-67	70
89	-28	-25
-97	62	64
31	22	-19
38	95	-96
-26	-41	96
-94	37	85
-100	-42	-69
38	0	-4
18	29	-13
26	17	-10
-30	96	-33
-100	-97	-34
-100	-77	-41
-32	33	30
0	-57	87
46	-20	8
-70	73	28
-91	37	82
58	70	-91
-2	-38	71
95	35	-92
-22	88	-33
-25	-20	75
41	-32	24
-21	69	-15
7	-26	50
-16	-48	94
2	30	1
-28	-1	59
-24	-7	61
-9	75	-32
80	-35	-10
-100	-61	-66
25	-15	23
-79	13	94
-68	83	16
29	-28	31
-86	35	80
8	-53	76
58	-35	11
86	-34	-17
-4	-25	60
20	34	-20
54	-66	45
56	72	-91
-37	96	-26
25	-52	59
-8	-54	92
76	20	-59
8	58	-32
12	-3	23
46	51	-61
-64	16	77
85	-97	46
93	-96	37
56	-17	-5
71	53	-87
93	-54	-4
22	-6	17
1	94	-60
-84	46	67
-31	77	-13
64	-20	-9
-100	-99	4
19	-50	63
89	-35	-18
-17	79	-29
69	7	-40
-61	62	29
-59	-12	100
1	64	-31
-28	-22	80
90	-86	30
-17	52	-3
-36	42	25
13	61	-40
-81	75	36
71	-52	15
-53	16	66
28	69	-62
-99	44	83
77	-91	47
76	-87	45
64	13	-41
73	-86	46
95	19	-76
78	0	-42
-41	62	11
34	20	-20
-41	49	23
-41	96	-22
-44	99	-22
-65	53	42
-100	-81	-91
94	-23	-35
-94	49	73
24	-4	13
-77	11	94
36	-16	14
-63	94	1
-68	67	31
10	78	-53
10	-55	76
-100	-99	-98
68	-32	-1
43	-77	66
-27	-21	78
81	-89	41
-24	-14	68
-83	21	90
-24	42	14
36	81	-81
-19	30	21
61	24	-49
58	-94	68
100	-71	6
62	76	-100
57	-35	12
63	-14	-14
-10	-6	47
-14	-57	100
80	-24	-20
-50	-1	80
-13	-3	47
-100	-66	-45
59	44	-67
-63	85	9
-61	73	19
-83	42	70
19	-17	30
36	-31	28
-14	-19	64
40	-63	55
-61	59	33
-35	-6	71
-30	65	-3
17	16	0
-74	90	15
15	70	-50
97	-43	-18
-75	70	35
-100	-37	-75
90	-47	-8
-30	24	37
56	32	-52
-13	31	14
9	-31	53
-96	79	46
64	-42	12
-70	12	86
-9	4	37
-2	3	31
55	-47	25
-46	61	16
52	85	-100
23	56	-44
7	-16	41
55	-89	66
59	50	-73
-23	40	15
-86	50	65
10	-19	41
90	-6	-48
-81	81	30
-78	72	36
-100	-58	-65
13	-10	29
-19	87	-35
32	-13	14
-100	-69	-45
32	-43	44
60	-5	-20
-81	44	66
-27	-7	64
14	72	-51
75	-51	10
-78	94	15
-58	57	32
16	-60	75
-80	24	84
-34	48	18
27	-72	76
24	87	-75
93	-64	6
35	-81	77
81	-9	-36
-50	-12	91
58	78	-99
88	-79	25
65	-6	-24
-100	-78	-91
-2	-67	99
90	-5	-49
-100	-35	-63
-100	-79	-13
-62	5	86
-66	83	14
-17	31	18
43	82	-88
-18	-39	87
-29	11	49
27	51	-43
100	78	97
-1	-24	56
-13	-37	80
42	-73	63
-19	1	49
-53	93	-8
-45	-13	87
-38	77	-7
69	59	-91
-74	76	28
-100	-80	-29
100	-49	-15
14	-24	42
-8	33	7
-15	61	-13
-68	64	34
-56	37	49
-61	-9	98
-50	35	45
-91	92	29
76	43	-82
0	94	-59
-17	-16	64
-12	54	-9
-14	61	-14
6	2	24
37	71	-72
-23	61	-6
-2	-17	50
-85	49	65
45	9	-19
-29	40	20
-56	45	41
-1	35	-1
39	90	-92
-82	51	60
90	-93	37
49	-99	82
51	23	-38
-98	75	52
53	37	-54
8	-55	78
100	90	51
-1	-20	52
50	-36	19
-100	-87	-11
-23	58	-2
-35	3	62
-62	14	77
21	42	-29
-100	-72	-79
-49	56	24
-10	-51	91
-17	-12	59
39	-53	46
5	48	-20
-19	18	33
-54	4	79
-93	37	84
-91	92	29
22	64	-51
-85	81	34
50	-6	-10
-100	-99	-78
56	-80	56
100	69	93
39	-39	33
-39	19	50
48	17	-30
42	19	-26
-75	85	20
52	-34	16
98	15	-76
89	-49	-5
53	71	-87
55	-85	62
-70	45	55
70	-16	-19
3	-72	99
39	30	-34
-79	22	85
-64	6	87
89	-19	-34
-43	7	66
-48	6	71
76	-100	57
-66	48	48
37	-67	62
30	61	-56
83	-54	6
84	-38	-11
16	10	7
91	5	-59
23	-67	75
53	-92	71
95	-99	38
-100	-57	-59
81	-96	48
97	-17	-43
11	-19	40
28	15	-9
-100	-73	0
-64	5	88
95	-80	20
-66	-6	100
-32	23	40
-22	98	-43
-91	43	76
-1	28	6
-69	28	70
43	45	-53
24	-48	56
54	-59	38
-100	-64	-44
0	85	-51
91	-39	-16
95	-92	31
-42	21	51
28	-27	31
23	-38	47
-75	86	19
68	-26	-7
-37	-29	95
-53	74	10
-19	-42	91
16	77	-58
3	-10	39
40	6	-12
62	23	-49
32	76	-72
1	51	-18
1	-30	60
94	-30	-28
-6	-44	80
-59	41	48
53	-97	76
39	-86	78
-55	-12	96
40	-30	23
64	49	-76
87	10	-60
-100	-32	-52
77	-21	-20
93	-59	1
-100	-45	-43
-48	80	0
99	-90	25
-25	81	-23
23	50	-39
7	-51	75
66	12	-42
-17	-20	67
25	-18	26
-8	31	9
-77	91	17
43	-76	65
94	13	-70
50	3	-18
54	-41	21
-68	21	76
-100	-74	-1
-53	78	7
69	-15	-19
79	-73	28
-18	51	0
-89	69	49
-8	52	-11
-90	43	75
69	52	-84
26	-63	68
13	-24	43
-17	-26	73
-41	79	-6
48	-48	33
-22	-23	75
-77	24	82
11	18	4
-100	-89	-85
-99	58	69
95	-16	-43
48	89	-100
82	-7	-39
-56	23	62
36	-46	42
-5	46	-8
26	77	-68
64	-86	55
100	73	67
37	-16	12
-53	50	33
64	-68	37
74	-49	9
65	-62	30
30	75	-69
26	100	-90
-88	64	53
57	-57	33
7	57	-30
99	36	-97
94	-20	-37
6	33	-6
33	18	-17
93	-67	9
-19	81	-29
11	12	10
-100	-44	-60
-34	-5	69
100	99	79
26	-28	34
38	64	-66
79	49	-90
-52	23	59
31	-99	99
-45	43	33
-8	50	-9
-32	-28	90
98	-37	-25
19	25	-10
73	-93	53
97	10	-70
-100	-69	-38
-85	22	91
31	-88	88
-27	1	56
59	-35	10
80	-46	0
39	-66	59
91	-66	10
-43	48	26
-91	40	79
-27	40	19
37	43	-45
-85	66	48
77	-86	43
32	-43	44
89	22	-74
61	-94	65
-7	35	5
-13	34	11
76	-8	-32
60	-64	37
-14	21	25
-100	-70	4
86	-64	13
47	82	-92
-20	50	2
49	-91	74
-35	-18	83
89	-63	9
-100	-52	-90
-100	81	48
-70	45	54
-10	20	22
94	-51	-8
-91	47	73
-23	-23	76
22	-70	79
49	76	-88
-2	72	-36
0	15	17
-96	70	55
6	68	-40
-49	23	56
-4	-47	81
40	64	-68
-37	81	-12
60	-25	-1
43	-93	82
41	22	-29
23	-63	71
-78	95	13
64	-34	4
-61	44	47
-71	11	88
-100	-60	-36
52	-65	46
8	-70	92
-39	11	58
-100	-56	-91
-32	79	-14
-12	71	-25
-83	60	52
35	69	-68
73	-19	-19
32	-30	31
12	-65	84
4	-13	41
-26	0	56
-11	71	-26
-98	47	79
-21	-3	55
41	57	-62
-58	73	16
-40	-13	82
88	-45	-8
100	67	84
-87	21	94
38	-79	73
-56	-11	95
74	-10	-28
58	14	-37
49	57	-70
90	-31	-23
-49	-4	82
14	7	12
64	28	-56
37	-33	29
65	66	-94
-31	49	14
-76	19	85
-15	22	25
-73	68	35
-48	41	37
-91	44	75
-19	21	29
85	-58	7
68	-3	-30
24	58	-47
23	-76	84
16	64	-46
33	-94	92
-37	82	-13
66	43	-72
17	3	13
-86	88	28
-100	-68	-76
-48	36	43
87	42	-91
27	17	-10
24	-16	25
-91	53	67
60	-41	15
72	14	-50
-100	-37	-64
83	-77	28
-8	2	37
-71	24	76
55	-44	23
-74	69	35
-5	-57	92
56	23	-44
14	85	-64
-100	-53	-86
13	68	-46
-85	13	100
54	16	-35
96	-4	-55
42	78	-83
-12	5	39
-12	-34	76
-76	12	92
-100	-82	-82
28	-86	89
-9	-45	84
-43	-1	73
-17	62	-12
-100	-25	-87
30	-29	32
73	8	-45
98	-34	-28
-22	-14	66
35	-76	72
-51	98	-15
89	-8	-45
90	-85	29
-95	96	29
97	-6	-54
-100	57	71
-74	64	40
100	96	69
-73	81	23
59	-71	45
47	-22	9
-8	5	35
15	10	8
-100	-35	-69
56	-87	63
-11	52	-8
95	-53	-7
-76	7	97
68	33	-65
-100	-52	-40
22	28	-16
-14	-36	80
63	50	-76
46	-34	21
-75	25	79
-56	66	21
19	-88	99
81	-72	25
-5	99	-59
-20	97	-43
20	-22	34
86	-81	29
-38	6	62
34	25	-24
80	-44	-1
1	-62	91
27	-78	82
-75	10	93
45	84	-92
89	-27	-26
-100	-38	-54
-83	40	72
-58	5	82
91	7	-61
-13	-4	48
37	-89	83
-74	83	22
10	98	-73
-75	6	97
73	16	-53
12	12	9
29	-44	47
55	14	-34
25	-33	40
87	-6	-45
-100	60	68
18	-26	40
-5	91	-51
25	61	-51
14	35	-15
45	2	-12
19	-79	91
44	62	-70
-32	-17	79
-100	-48	-77
-43	54	20
86	8	-57
-85	37	76
-28	-23	81
64	-36	6
-7	-60	97
39	-50	43
75	-1	-38
12	68	-45
60	-68	41
-100	86	43
-75	100	6
93	-13	-43
25	27	-18
-100	-91	-76
-95	79	45
64	-25	-4
64	-1	-28
-47	16	61
-2	35	0
-57	12	74
11	87	-63
-95	44	79
-100	-25	-95
-100	-73	-57
-40	3	67
48	-43	28
-69	81	19
1	-15	45
29	4	1
38	55	-58
20	90	-74
11	-26	47
-8	57	-16
-15	57	-9
-48	28	50
79	1	-44
84	12	-59
-100	-34	-88
-96	60	65
33	56	-54
-64	6	87
-94	51	72
64	52	-79
-100	79	50
40	-99	90
82	27	-72
44	74	-82
83	-69	20
-71	98	4
15	4	14
4	20	9
41	-98	88
-29	54	7
61	0	-26
100	38	-100
-86	24	90
-69	15	82
-6	59	-20
-14	62	-15
69	-19	-15
-32	9	53
64	-68	37
-77	75	32
4	-17	44
31	76	-71
-80	78	32
-51	83	0
-94	83	40
-25	-41	95
-70	61	39
-9	-48	87
-73	50	52
44	-26	16
41	71	-76
77	41	-81
45	37	-47
-66	11	84
18	12	3
57	57	-77
24	-88	95
-100	-59	-44
83	48	-93
38	-34	29
81	-63	16
30	-31	34
-30	-13	73
-17	60	-10
48	53	-65
-45	-20	94
-19	90	-37
-69	75	25
84	1	-49
-2	-31	64
28	69	-61
56	-76	52
11	35	-12
59	65	-87
6	95	-66
42	7	-15
81	9	-53
71	17	-52
14	86	-65
-49	69	11
41	4	-11
-83	22	89
-35	-11	76
97	-1	-59
-16	33	15
78	-34	-9
-12	-21	64
28	49	-42
-53	-18	99
-79	88	21
89	-72	17
4	43	-14
-27	7	51
87	-30	-21
-49	82	-1
-49	86	-5
-100	-25	-44
0	-25	56
-45	24	51
49	72	-84
99	-45	-18
48	32	-45
37	24	-27
80	40	-83
37	-99	93
-13	0	44
100	5	-68
79	30	-72
-9	-37	77
-15	-28	73
25	68	-58
-13	-32	75
18	58	-41
29	-39	42
39	3	-8
-30	-13	73
99	8	-70
99	-90	25
-68	36	61
-43	41	33
89	47	-98
18	79	-62
-100	-58	-43
-49	26	53
-43	-5	78
19	100	-83
-81	48	62
58	40	-62
93	-11	-45
42	-11	3
58	19	-41
53	57	-74
-1	-35	67
63	31	-58
-100	-62	-99
-37	57	12
-99	37	90
-27	14	44
47	58	-69
-13	61	-15
34	-91	88
-100	-80	-64
-23	-36	89
-12	20	24
-53	28	55
67	-48	15
70	-6	-29
9	23	1
-17	38	11
-38	80	-10
-78	28	78
-81	92	19
-100	75	54
78	-39	-4
77	10	-51
46	-70	56
64	-75	44
-16	4	43
-40	73	-1
69	-76	40
-100	-53	-96
-100	-39	-38
-58	55	34
-100	-95	-65
76	-81	39
71	30	-64
-19	-15	64
90	-43	-11
44	45	-53
-100	-37	-94
63	-37	8
-73	88	16
38	-21	16
80	51	-93
5	8	20
-100	-71	-67
-58	25	63
-63	37	56
-88	43	74
-100	-86	-31
-26	26	31
100	63	72
37	-17	13
-100	-67	-80
65	23	-52
80	-1	-43
14	51	-31
41	-66	57
-62	13	78
33	23	-22
54	-65	44
44	-52	41
23	-3	13
28	68	-60
9	-4	27
-74	35	68
53	3	-21
34	-35	33
32	-93	92
24	-37	45
-6	57	-18
-74	64	40
99	24	-85
26	48	-40
-98	94	33
69	13	-46
-4	66	-28
-80	71	39
-61	31	59
-79	89	20
40	-92	83
-82	63	49
55	30	-49
30	-85	86
11	-44	64
97	-58	-4
-27	-43	99
100	84	98
98	-24	-37
69	-64	29
-50	83	-1
-71	85	16
-66	68	29
-100	-85	-39
58	17	-40
65	21	-50
32	28	-26
14	38	-18
-100	-86	-90
-24	61	-5
-14	75	-28
-74	31	72
-100	-96	-99
-1	-37	69
100	96	59
49	-38	22
55	-17	-4
-100	-53	-79
18	-35	49
60	55	-78
56	-30	8
36	62	-62
-100	-19	-83
11	-2	23
-34	-36	99
-14	45	2
83	-97	47
-8	80	-38
-49	33	46
-78	99	10
7	54	-27
-70	41	58
42	7	-15
-100	-99	-88
-8	-28	67
-73	42	60
12	76	-53
52	-55	36
4	-17	45
63	-45	16
28	14	-8
-45	-26	100
-53	35	48
-28	-8	66
-49	16	63
12	-46	65
6	-43	68
66	-20	-11
35	-15	13
-51	17	64
-87	79	37
-42	-25	96
18	-30	44
-55	55	31
-54	95	-9
-17	68	-18
-14	50	-3
4	-49	76
5	72	-43
60	-50	23
-38	15	53
100	-99	33
54	72	-89
-63	36	56
-5	28	9
-65	21	73
53	47	-64
-57	99	-10
56	-75	52
-10	89	-45
58	65	-86
85	-38	-12
-84	95	19
19	30	-15
43	-90	78
-40	19	51
78	-29	-14
-24	88	-31
61	-53	25
75	-60	19
-100	-51	-43
61	62	-86
-100	-17	-75
-55	15	69
57	-23	0
63	-16	-12
-61	32	59
80	49	-91
29	-48	51
-39	61	9
95	-26	-33
63	-24	-5
-78	11	95
-15	69	-21
-100	-71	-92
-10	99	-55
-97	75	51
13	-60	78
-18	38	12
-24	93	-35
-100	-75	-50
-65	81	15
24	-65	72
52	67	-82
-72	50	51
26	-33	39
33	18	-17
-51	93	-10
64	-55	25
55	77	-95
5	90	-60
-63	46	47
-88	29	87
-100	-75	-63
-8	-58	96
66	-30	-2
45	67	-76
-100	-40	-65
28	67	-60
97	-44	-17
-27	0	57
100	64	77
-92	54	67
-59	5	83
-21	87	-33
-23	39	16
-6	-63	99
-10	1	40
-29	48	13
35	90	-88
90	30	-83
-13	23	22
9	0	23
24	0	9
93	19	-74
66	10	-40
47	38	-50
-39	92	-20
-18	51	0
-100	-48	-36
100	75	58
-56	98	-10
-63	9	83
64	35	-63
-18	90	-38
-18	17	32
-100	68	61
-81	64	47
19	-44	57
52	-42	24
-100	-31	-44
18	49	-33
36	-100	95
44	16	-25
-87	24	91
-32	40	23
-85	33	80
64	-76	45
25	59	-49
-39	-32	100
-59	82	8
-2	-59	91
67	-11	-21
-32	87	-22
17	83	-65
16	-82	96
-28	33	27
93	-24	-33
-59	39	50
3	35	-5
37	-72	67
-54	28	56
-22	58	-4
-27	22	36
99	25	-86
-100	-89	-90
-31	75	-11
100	94	84
-93	63	59
-22	9	44
-14	89	-41
81	42	-86
-100	-87	-11
88	19	-70
-100	-50	-95
49	-74	57
-47	13	64
66	-52	20
-41	-7	78
4	-46	73
-55	59	27
5	-70	95
3	23	7
4	94	-63
-100	-77	3
-100	-82	-39
-31	100	-36
48	33	-45
40	-22	15
0	-50	80
19	83	-67
79	16	-59
88	11	-62
51	-58	40
82	-13	-33
-14	-1	46
1	6	25
68	-95	60
-56	37	49
-90	42	77
73	-47	8
-93	41	80
-79	99	11
83	-27	-21
-58	46	42
-73	61	42
51	76	-90
-6	70	-30
96	14	-73
92	3	-58
-7	90	-49
-27	-11	68
-6	29	10
-24	3	52
56	19	-40
4	18	10
82	-81	33
81	29	-73
-24	82	-25
57	29	-50
-100	-35	-99
25	-55	62
88	-60	7
-84	31	82
100	53	88
-2	-1	35
1	6	25
23	-12	22
-97	68	58
16	-61	76
-26	78	-19
-49	55	25
26	-95	99
41	-97	87
-26	95	-36
51	-89	70
44	-51	40
7	68	-41
-100	-49	-63
-83	100	14
84	49	-95
-64	-7	100
48	15	-28
76	6	-46
-29	82	-20
-15	-26	71
47	6	-18
67	64	-94
22	18	-7
-100	-48	-37
63	-29	1
-48	79	1
-35	57	10
-46	11	65
9	-42	64
17	96	-77
-78	41	66
-30	83	-20
19	46	-31
74	-53	13
36	-46	42
78	-43	-1
-43	27	47
-19	33	18
-62	16	75
-79	13	94
2	67	-35
-28	24	35
-100	32	95
71	-78	40
72	47	-82
-10	-14	55
-88	39	77
-22	47	7
-98	42	84
41	-38	30
93	-69	11
38	-29	24
9	-17	40
12	9	12
-73	29	73
-30	-23	82
-43	72	3
15	96	-75
-92	89	33
18	-39	53
-25	61	-4
51	-28	11
50	-9	-7
67	38	-68
-52	14	68
-90	68	51
79	-70	25
59	34	-57
-20	54	-2
29	9	-4
-40	67	5
-88	75	42
-100	-65	-89
-60	58	32
-40	75	-3
-94	87	36
94	-84	24
-87	29	86
-33	59	6
-12	-23	66
-12	97	-51
23	-6	16
-100	-84	-52
-88	38	78
-100	-37	-70
-17	29	20
-50	42	38
77	-12	-29
33	32	-31
10	30	-7
-10	33	10
85	-9	-40
-100	-68	-88
-53	6	76
40	-37	30
57	23	-44
97	-34	-27
100	68	64
71	31	-65
38	-40	35
45	41	-50
-25	96	-38
-50	29	51
39	-58	51
10	-43	64
30	-53	55
-31	93	-29
-100	31	96
-66	14	81
77	-22	-20
31	35	-32
-3	17	18
89	39	-90
-40	11	59
27	-45	50
41	-81	72
6	92	-63
36	27	-29
100	99	88
-82	61	51
12	26	-5
-9	42	0
-15	60	-12
-97	76	50
8	10	15
5	-44	70
48	-92	76
23	-67	75
-38	23	45
-7	64	-23
73	-11	-27
-100	-31	-72
38	-23	18
-100	-12	-53
35	-35	33
-41	57	15
29	22	-17
-100	-55	-82
-20	83	-30
16	-36	52
81	-40	-6
46	72	-81
-25	16	40
-51	47	34
-11	-12	54
-90	47	72
-41	43	29
54	-68	47
-58	89	1
-69	54	45
69	-15	-19
65	-25	-5
-23	18	36
-35	6	59
-59	1	87
44	23	-32
77	-90	46
-55	6	78
83	-59	11
41	31	-37
-52	-6	87
6	12	15
69	-33	-1
67	3	-35
-36	63	5
65	-18	-12
33	91	-88
58	43	-65
6	19	8
69	-73	37
-100	-52	-56
49	87	-99
-73	2	99
-81	72	39
-94	83	40
-34	82	-16
75	-53	12
49	65	-78
-75	54	51
-63	10	82
-79	66	43
-19	15	35
-44	89	-13
-19	-50	98
-100	-82	-97
-6	20	18
-75	82	24
-79	80	29
61	57	-81
87	23	-73
57	59	-79
23	-9	19
-51	28	53
6	22	5
-65	33	61
62	19	-45
-41	46	26
27	-3	9
-27	44	15
28	71	-63
82	48	-92
-87	23	92
3	93	-61
-7	-55	92
-54	85	1
-35	-25	89
-8	44	-3
78	18	-60
93	-4	-53
96	-81	20
55	62	-80
-68	84	15
-54	6	77
-31	64	-1
-31	72	-9
64	-71	40
-100	-100	-40
27	-17	23
0	51	-18
-46	44	33
-9	18	23
-71	3	96
-72	57	45
-83	24	87
26	-65	70
23	-43	52
-37	-23	89
41	90	-94
-49	-7	85
15	90	-70
-96	56	69
39	-81	73
65	-2	-28
-74	16	86
-83	52	60
-2	-23	56
59	-81	55
-9	40	2
-21	86	-32
-12	85	-39
-48	59	20
-64	97	-1
8	45	-19
81	23	-67
43	30	-38
-54	-14	96
-12	3	40
-40	-6	75
27	66	-58
24	-55	63
20	100	-84
11	-54	74
53	0	-18
-74	5	97
-80	29	79
-6	-42	78
99	2	-64
-25	-6	61
29	-66	68
-31	92	-28
-39	83	-12
44	88	-95
68	48	-79
-10	82	-38
6	-22	48
-90	41	77
-4	-48	82
6	60	-32
-85	14	99
70	42	-75
90	-85	29
76	-92	49
-96	37	87
-56	99	-11
-100	-70	-35
58	-86	60
-49	-9	87
-78	86	22
33	36	-34
-6	-14	51
-55	-5	89
-73	17	84
-100	-61	-93
-23	79	-23
0	-62	92
-72	77	25
-56	69	18
-100	-65	-75
48	79	-90
-75	46	58
7	64	-37
79	53	-94
-17	49	0
-91	98	23
57	71	-91
-4	-24	59
-87	22	93
32	77	-73
-43	-7	79
40	41	-46
-18	80	-29
40	71	-75
20	-68	79
-80	23	85
-80	38	71
61	54	-78
100	41	99
-82	93	19
31	-66	67
-49	72	8
17	-59	73
-43	-5	78
31	48	-44
70	19	-53
58	19	-41
72	-70	32
58	3	-26
47	-91	75
36	28	-29
-92	22	98
-100	-36	-77
48	78	-90
3	-19	48
-7	9	30
10	-48	69
71	49	-83
68	-56	22
15	32	-14
-30	-34	93
64	-39	9
-44	13	61
-49	72	8
-43	-27	99
81	-6	-39
-24	2	53
-100	-96	-3
96	23	-81
16	63	-45
-28	62	-2
-43	52	22
20	36	-22
-58	59	29
77	-12	-30
-38	58	12
-49	-13	91
28	86	-78
-6	6	32
-82	96	17
55	-69	47
-17	97	-46
-33	-32	94
81	32	-76
96	-6	-53
-25	13	43
-1	43	-9
-100	-56	-63
-89	44	73
75	10	-49
62	2	-29
1	-46	76
77	-31	-11
49	-65	49
-12	-52	94
29	18	-13
-69	5	92
-45	-26	100
21	-85	95
-51	-17	97
-6	29	10
56	-82	59
-72	74	28
-58	87	2
-46	80	-2
-17	-8	56
53	-98	77
56	42	-62
-85	48	66
83	-26	-22
-28	95	-34
31	90	-85
14	-64	81
-45	13	62
-100	-92	-80
22	-1	12
19	38	-23
-47	2	75
12	-3	23
-17	-49	96
58	60	-81
-78	85	24
-40	64	8
-47	15	62
74	23	-60
-100	-75	-52
76	39	-78
14	-27	45
-87	20	95
-20	0	51
90	34	-86
24	-14	23
24	50	-39
-38	86	-15
47	-93	78
-72	8	93
-56	81	7
20	66	-51
-100	-72	-97
-34	58	8
-89	59	59
59	59	-81
72	-39	1
56	81	-100
-30	72	-9
25	30	-21
-43	73	2
99	-30	-33
20	-45	57
92	-1	-54
-55	50	35
87	-80	27
23	23	-12
12	44	-22
-19	59	-7
-43	1	71
100	91	53
9	-64	86
43	61	-68
5	-47	73
23	-76	84
-34	73	-7
-10	90	-46
93	11	-67
38	95	-96
-33	-6	69
-67	3	93
-54	90	-4
87	-31	-21
91	36	-89
14	77	-56
-53	3	79
32	54	-51
57	77	-97
-100	-76	-57
-80	25	83
-88	28	88
16	96	-77
-100	-59	-18
-100	-51	-62
24	19	-9
53	-33	13
0	-12	44
-100	-100	-98
-54	11	72
61	-44	17
-100	-66	-21
-5	-21	57
86	-34	-17
5	-63	88
-100	-63	-77
-82	88	24
-61	-8	97
42	19	-26
60	-17	-8
88	-69	15
100	71	81
60	1	-26
63	62	-88
-68	80	18
25	-51	57
-100	-94	-36
-1	73	-38
45	-72	59
23	71	-59
84	-18	-30
-92	90	32
-77	95	13
66	-20	-11
12	12	9
7	13	13
-100	-37	-36
-100	-39	-50
-100	-29	-95
79	39	-81
-26	-16	72
38	85	-87
-65	72	23
-85	74	41
54	-17	-3
100	98	77
45	-96	82
-26	50	8
19	88	-72
-100	-76	-51
-94	99	25
38	-61	55
31	11	-8
-100	-52	-73
7	-18	43
18	62	-45
-42	50	23
55	17	-37
-66	20	75
-2	91	-54
90	-20	-34
-40	-2	72
61	-71	43
-35	16	49
-93	96	27
48	88	-99
-14	60	-13
9	-45	67
-42	28	44
98	-73	10
78	-79	35
-100	-62	-35
-79	43	65
-37	10	57
-52	51	32
-97	65	61
-50	99	-17
72	-40	3
90	33	-85
20	6	7
-5	43	-5
-10	-5	46
-3	42	-6
50	24	-39
-39	62	8
9	-46	68
-54	85	1
-100	-70	-18
39	-71	64
-72	45	57
46	6	-18
-100	-100	-70
43	22	-30
-69	60	39
96	0	-59
-100	29	98
-41	65	8
19	30	-15
46	20	-31
41	18	-25
54	-71	50
65	25	-54
-9	65	-23
76	10	-50
9	-54	76
-7	10	29
-39	50	20
52	36	-52
-91	24	95
36	-6	3
35	37	-37
54	-35	15
-65	65	30
-5	48	-10
-56	9	76
-100	13	-100
55	-35	14
-48	60	19
-85	44	70
14	-20	38
28	-90	93
17	-58	72
40	71	-75
60	-49	22
37	-99	93
-22	68	-13
81	49	-92
14	85	-64
-9	26	15
36	-46	42
-39	-11	79
-48	-3	80
-45	27	48
63	3	-31
24	0	9
64	-47	17
32	43	-40
37	-15	11
41	64	-69
-100	-96	-77
-78	15	91
-64	26	68
59	-99	72
-12	-8	51
-58	37	51
1	95	-61
25	-35	42
-25	80	-22
-24	-17	71
57	14	-36
83	-92	43
-95	28	95
-85	35	78
-46	14	62
-13	26	19
54	19	-38
23	61	-49
47	-1	-12
3	45	-15
-78	42	65
-29	24	36
-28	-36	93
0	19	13
38	49	-52
-3	-37	70
-10	90	-46
69	-50	15
88	-10	-41
61	1	-27
-7	-44	81
-5	99	-60
37	-80	75
-6	-37	74
-20	20	31
-78	9	97
55	57	-76
15	68	-48
-51	9	71
-75	54	50
-8	-16	55
49	-40	24
24	-5	14
-60	17	72
84	38	-85
39	-77	70
69	50	-82
-29	-8	67
27	71	-62
48	30	-43
98	41	100
-100	-46	-70
-69	9	88
-100	-51	-90
90	37	-89
7	-48	72
40	12	-18
-100	-79	-41
-69	93	7
73	20	-57
20	-67	78
4	-16	44
60	-77	50
19	39	-24
98	-82	19
-32	60	4
57	33	-54
42	-88	77
19	-3	17
80	-13	-31
89	8	-60
-87	81	36
-100	62	67
-100	-13	-54
37	-38	34
-55	69	17
27	99	-90
-41	80	-7
-10	19	23
-50	-5	84
-72	47	55
-88	42	74
-49	20	59
88	39	-90
73	63	-99
90	14	-67
97	-10	-50
19	-13	26
-35	-9	74
-87	56	60
95	-65	5
-58	66	23
9	48	-23
-79	82	27
14	35	-15
-23	18	36
88	-4	-47
84	13	-61
-100	-11	-80
44	-6	-4
68	32	-63
-100	-78	-81
40	-10	4
73	-87	47
23	-18	28
-72	53	49
41	71	-76
62	7	-34
57	-67	43
41	43	-48
-24	70	-13
29	28	-23
82	45	-89
67	-68	34
84	24	-71
62	-13	-14
51	65	-79
-42	63	11
42	39	-46
21	-44	54
26	-55	60
-100	-99	-47
-22	40	14
13	35	-14
-52	99	-15
-94	67	56
-91	23	96
63	31	-58
-100	-84	-97
36	5	-7
12	98	-75
-99	75	53
12	-20	40
14	4	15
-10	33	10
-95	62	62
-100	-66	-53
31	10	-7
-75	93	12
-100	-64	-84
-100	90	39
55	72	-90
-91	85	35
-2	82	-46
-65	15	79
27	71	-63
-100	-67	-3
-49	98	-17
16	72	-53
9	-21	44
-100	-61	-13
-17	-50	96
-52	67	16
64	-50	20
14	15	4
-26	-9	65
-91	75	45
90	28	-80
23	100	-87
-16	29	19
89	-47	-7
-100	-55	-11
-36	63	5
-100	-30	-100
-18	-26	74
63	18	-45
89	-83	28
6	-19	45
97	-22	-39
-83	23	88
-15	86	-38
-76	83	23
99	-88	23
92	-91	33
100	-61	-4
-61	25	65
-83	18	93
39	80	-83
-14	75	-28
-44	80	-4
-15	54	-6
-87	36	80
-100	-39	-80
75	-65	24
-100	-83	-90
86	-67	15
-1	96	-61
85	-28	-21
-45	-10	84
60	-33	7
24	-91	97
59	-52	26
89	-35	-19
-85	90	25
-61	46	45
-88	77	41
-100	-54	-90
-41	-30	100
87	29	-78
3	-63	90
61	-83	55
100	76	60
-100	-79	-53
-27	91	-31
-100	-9	-70
-62	51	41
-35	-12	77
-93	22	98
-14	44	3
-100	-17	-99
-13	45	0
92	-78	21
-40	-1	70
-93	47	74
72	55	-90
24	-27	35
-77	80	27
58	-25	1
-10	60	-17
37	-92	86
68	-21	-12
-26	87	-28
33	-53	52
-72	54	47
-14	88	-40
-41	92	-18
-2	-53	85
21	18	-5
35	77	-76
-53	-14	95
-48	89	-9
-48	-19	96
-100	-88	-92
95	-26	-33
-36	95	-26
-35	46	20
74	-41	1
64	2	-30
-65	77	19
96	5	-64
53	30	-47
9	24	0
57	59	-80
-88	26	90
71	-73	36
60	-58	31
-54	72	13
80	49	-91
10	-44	65
10	9	14
-10	-40	80
22	60	-47
-97	89	37
69	39	-71
3	25	5
-89	51	66
79	-79	34
-49	-19	97
-24	-13	67
47	-78	63
-100	-97	-86
-53	66	18
99	8	-69
-100	-95	-62
79	-13	-30
-100	-70	-42
92	-61	4
-65	59	36
37	75	-76
36	-9	6
-69	26	72
-100	-89	-86
-52	64	19
97	-12	-48
46	-50	37
-72	8	92
-100	51	77
27	-69	73
27	-87	91
-28	70	-9
-100	-33	-66
-63	5	87
51	-13	-4
-8	53	-12
90	19	-72
64	43	-71
60	-67	40
-81	93	19
-8	-45	83
-27	-36	92
-34	100	-33
70	17	-51
-72	46	56
-18	1	48
23	-83	90
73	1	-38
68	-14	-19
70	-76	39
17	93	-74
86	4	-54
-62	58	34
41	66	-71
99	0	-62
52	-41	23
70	-41	5
23	23	-12
-100	-80	-64
11	-49	69
71	-31	-6
46	56	-66
92	-97	39
100	95	75
-31	-36	96
-69	63	36
53	51	-68
30	-97	98
-100	-81	-16
-68	9	87
38	-29	24
-48	36	42
-55	18	66
-44	-2	75
50	-50	33
79	-100	54
24	19	-9
10	-7	29
-96	82	43
-30	100	-37
33	-24	24
83	-43	-5
-68	65	33
-100	-74	-65
100	4	-67
6	-48	73
93	-40	-17
-28	20	39
88	-56	3
25	-40	47
-77	73	34
60	4	-29
47	-12	-1
-95	29	94
-15	22	25
10	-80	100
37	85	-86
65	33	-62
-1	-35	67
19	58	-42
47	5	-17
-35	74	-7
32	81	-77
-21	-17	68
-83	28	84
10	11	11
-24	91	-34
-81	48	62
29	-46	49
-8	-14	53
-60	37	53
16	58	-40
-56	6	79
-100	-83	-83
-9	15	26
7	89	-61
72	-11	-26
7	15	11
87	34	-83
-60	94	-3
63	-51	22
-7	71	-30
-63	40	53
79	-2	-41
-3	-31	65
35	-66	63
96	-32	-28
-18	-49	96
-100	-61	-20
7	27	-1
-78	62	46
2	34	-3
-23	-3	56
-34	-30	93
40	-32	25
67	41	-71
45	-48	36
-83	99	15
-14	16	30
-54	44	40
15	15	3
100	87	96
7	53	-26
-92	20	100
33	96	-93
75	-85	43
66	5	-35
-35	60	7
42	-44	35
-9	-56	95
-100	-88	-69
-20	-7	58
-66	23	72
22	-23	33
-56	70	17
-36	87	-18
-29	22	38
-91	28	91
70	-38	3
84	-94	43
44	56	-64
19	-70	82
70	-89	52
-76	64	42
30	-16	19
96	-91	29
33	51	-49
-16	24	24
71	46	-80
31	40	-36
-52	-1	82
-100	-31	-36
68	37	-68
-100	-59	-23
99	11	-72
49	-86	69
-5	71	-32
-56	87	1
-45	52	24
-72	60	42
-13	-25	68
-100	-84	-77
-31	86	-22
31	-40	41
-48	36	42
19	86	-69
4	-58	84
31	14	-11
28	46	-39
22	-21	31
47	-79	64
-23	-41	94
-42	-24	95
-43	32	42
14	12	7
73	62	-97
-21	-29	80
79	-80	35
82	-76	28
76	2	-42
84	-52	3
-97	43	82
-100	81	48
-18	5	44
-77	25	80
67	-25	-7
65	38	-67
-73	78	25
-92	53	68
57	43	-64
-11	-4	46
-39	2	67
19	18	-4
23	-2	12
-68	67	31
3	50	-19
-45	48	28
-61	82	10
4	14	14
-8	-39	77
-54	72	13
74	-96	55
-25	58	0
-47	-15	91
27	-70	74
0	63	-29
-11	95	-50
82	-93	44
90	-73	17
-64	13	80
-41	-9	79
-100	-62	-73
52	78	-93
-26	-37	92
98	20	-80
88	-20	-32
41	-24	16
-35	-7	72
-49	-8	86
9	55	-30
68	11	-43
-36	55	13
-36	36	31
-100	-100	-37
62	-70	41
-62	38	54
-26	-23	79
-91	55	65
28	70	-62
-77	25	81
36	-26	23
-100	-59	-74
-100	-25	-53
-100	-66	-88
-57	100	-11
45	59	-68
61	-72	44
89	-27	-26
84	-25	-23
-100	-77	-64
-50	60	21
8	-47	70
57	-55	31
96	-84	23
58	-49	25
8	56	-30
19	-25	38
58	-52	27
-80	63	47
85	-95	43
7	99	-71
43	26	-34
68	14	-46
89	-46	-8
-6	-3	40
-2	15	19
9	19	5
-2	-21	54
76	-51	10
-32	43	20
100	68	71
-43	36	38
19	73	-57
-12	-23	66
92	-74	16
-76	99	8
-12	-43	85
39	92	-94
-49	78	2
30	45	-40
-33	81	-15
25	-64	70
-90	45	74
64	-62	31
17	-76	89
30	-89	90
-31	16	46
-59	36	53
99	-75	11
-62	27	64
-11	64	-20
21	-20	31
-18	35	15
-38	41	28
82	-20	-27
-56	64	23
70	-76	39
0	-48	79
-95	24	99
92	-95	37
-77	79	28
-77	19	86
-23	-18	71
-100	-91	-92
-60	46	44
10	55	-31
42	23	-30
42	83	-88
33	-16	16
-100	-83	-49
-61	13	77
91	43	-96
-79	68	41
81	-25	-21
-35	98	-30
69	54	-86
-81	94	18
-76	44	61
-5	23	15
-6	-5	43
88	5	-56
-44	-23	96
-95	22	100
-47	51	27
100	67	99
-75	67	38
68	4	-37
0	-19	51
59	66	-88
43	42	-50
-10	42	1
44	68	-76
91	46	-99
-3	35	1
33	33	-31
-35	38	28
42	-71	61
-62	49	43
29	97	-90
-97	92	34
35	-93	89
-20	80	-27
92	-9	-47
36	-14	12
-35	-1	66
-6	-19	56
-71	47	54
20	-10	23
99	-95	30
-30	49	13
56	-50	27
38	33	-36
-100	-38	-82
-1	26	7
2	46	-15
-51	73	9
-27	-38	94
-31	-21	82
94	-29	-29
100	60	84
-73	57	46
-28	-12	70
-1	64	-29
-49	11	68
47	15	-27
21	88	-73
80	2	-46
-100	-37	-32
62	-100	70
33	-55	54
-100	-68	-69
23	58	-46
-75	76	29
-14	9	36
83	-41	-7
-18	42	8
-4	-28	63
-95	53	70
65	-46	15
57	-31	8
-100	-11	-98
66	-22	-9
-75	96	10
67	-40	7
14	96	-74
96	-85	23
26	97	-87
27	-13	19
-99	96	33
40	-67	59
57	9	-31
-57	77	11
17	-69	83
-41	48	24
-88	30	86
-48	52	27
84	-20	-28
27	44	-36
25	92	-81
90	38	-90
-38	20	48
12	22	-1
-70	11	87
-26	2	55
82	-13	-33
4	-52	79
-100	-5	-64
96	40	-98
1	25	7
10	-69	89
41	-81	71
64	-98	66
-74	100	5
82	8	-54
42	43	-50
-14	88	-40
-22	6	47
95	-68	8
-39	-5	74
44	62	-70
-100	-87	-60
-66	30	65
65	-33	3
56	-91	67
63	-68	38
-6	43	-4
98	-2	-59
-25	62	-4
34	-40	38
47	-18	5
-87	89	28
-59	-8	95
20	53	-38
-77	52	54
86	-54	3
-100	-94	-56
72	-90	51
-19	3	47
32	90	-86
-56	1	84
62	-98	68
-60	42	48
37	83	-84
4	79	-49
45	-4	-7
-78	36	71
45	-59	46
8	24	1
-6	-64	100
-62	21	70
-46	17	59
-84	36	77
31	-63	64
45	22	-32
-83	51	61
19	23	-8
-100	-98	-94
-38	59	10
34	25	-24
40	-27	20
-36	-31	96
-43	53	21
18	-46	59
43	64	-71
78	-62	18
1	9	22
-31	37	25
46	48	-58
50	41	-55
-100	-97	-37
-38	18	50
-24	-19	73
-86	20	94
-43	87	-12
78	31	-72
38	20	-23
32	38	-36
-72	91	12
76	-14	-27
60	-16	-9
-100	-56	-95
55	-79	57
-97	79	47
-98	43	83
-91	80	41
44	-21	11
32	-81	80
-65	-3	96
-100	-87	-35
15	24	-6
-51	74	8
89	-77	22
-6	84	-44
-93	57	65
2	-48	77
-5	17	20
83	1	-47
-22	-2	55
64	66	-93
-20	-8	59
-53	-7	89
-100	-85	-13
70	-11	-24
55	-20	-1
-100	-34	-33
71	-93	55
83	38	-84
-32	-26	87
-12	-39	81
-60	4	85
-8	74	-32
6	66	-38
51	57	-72
-75	55	49
38	-21	16
100	-55	-9
100	82	75
92	-87	29
48	0	-13
64	66	-93
-59	32	57
50	-19	3
23	-76	84
-39	-25	93
63	24	-51
92	-64	7
-36	84	-15
-63	41	52
89	-74	19
56	0	-21
97	-59	-3
49	31	-45
33	-28	28
71	41	-75
-61	52	39
79	-40	-4
25	-8	16
-27	-1	58
80	-16	-28
-35	25	41
2	95	-62
6	-40	65
-100	98	31
-48	79	1
46	89	-98
58	-54	29
81	-5	-40
-61	51	40
64	13	-42
-33	31	33
-10	52	-9
-30	-12	72
86	48	-96
-18	32	18
100	60	85
100	15	-77
-42	15	57
14	-21	39
12	79	-56
-89	24	93
60	-41	15
-29	-38	96
36	-93	88
46	41	-51
71	10	-45
-52	97	-13
23	89	-76
66	72	100
97	-8	-52
-86	34	81
-100	-92	-97
-46	61	16
13	92	-70
6	84	-55
73	-64	25
-3	28	8
63	55	-81
66	26	-56
-100	-78	-29
-32	82	-17
19	94	-77
37	44	-46
-53	-14	95
-91	71	49
43	-62	51
-100	-85	-95
-69	98	2
37	-95	89
40	62	-66
37	-8	4
90	23	-76
58	39	-61
24	16	-7
-63	54	39
88	-97	42
40	-2	-4
-59	11	77
-53	-14	95
-49	55	25
26	-92	96
-7	70	-29
-79	9	98
87	-52	0
34	50	-49
10	-29	50
82	-43	-4
29	-3	7
12	-56	75
-39	74	-3
40	20	-25
-27	65	-5
47	-21	8
23	-93	100
-58	13	74
91	-21	-34
-37	75	-6
-38	65	5
0	18	15
-60	48	42
63	-64	34
-88	45	72
-56	32	54
27	-86	90
-12	7	36
81	53	-96
-76	25	79
-100	-92	-86
71	-12	-24
46	82	-91
-21	34	19
12	7	14
39	20	-24
66	-57	24
-56	52	34
43	-11	2
17	-56	70
43	71	-78
96	24	-82
-100	-94	-31
-9	16	25
7	-19	44
9	-39	61
55	-76	54
-100	-39	-88
30	96	-89
-95	96	28
-76	32	73
-18	9	40
-77	81	26
-99	100	29
-96	72	53
74	-72	32
95	-98	37
73	-2	-35
42	-73	63
6	29	-2
-72	49	52
32	77	-73
-34	0	64
-57	68	20
35	63	-62
21	0	12
-18	57	-6
46	52	-62
-91	78	42
-39	27	42
37	8	-11
35	-88	84
84	8	-55
-15	22	25
-7	-58	95
-18	-9	58
-13	-13	57
-75	71	34
1	-13	43
-31	46	17
50	20	-35
9	-69	91
82	-87	38
40	47	-52
74	17	-55
37	32	-34
75	-65	24
-12	12	32
-49	18	61
0	-3	35
-4	-2	37
-14	14	32
-11	-3	45
23	44	-33
71	-76	38
89	30	-82
53	-89	68
83	-97	47
11	67	-44
77	36	-76
69	-12	-22
-28	8	51
85	46	-93
-66	32	64
91	-15	-40
47	-56	42
51	63	-77
93	-7	-50
45	-97	83
59	-2	-22
61	-41	14
83	-29	-18
0	85	-51
-24	80	-23
17	-45	59
-33	-33	95
3	56	-25
-73	66	37
-13	4	40
-93	34	87
20	-38	50
-37	51	18
-10	81	-37
-43	-11	83
45	46	-56
41	-89	79
78	20	-61
-61	75	17
22	62	-49
-100	7	-72
-76	65	41
82	3	-48
-64	51	43
-100	90	39
10	23	0
46	-2	-10
-36	-18	83
0	74	-40
18	81	-64
-30	4	56
-100	-93	-75
-17	-44	90
59	-20	-5
-24	-15	69
-61	6	84
21	59	-45
64	5	-34
-22	63	-9
71	57	-91
-28	33	26
-82	68	43
-21	95	-41
74	30	-67
21	72	-58
10	62	-38
12	63	-41
-58	-12	99
-100	-31	-74
-2	76	-40
-13	-23	67
44	11	-20
-100	-55	-14
-97	72	54
3	34	-4
-68	18	79
-100	-57	-75
4	-69	95
-100	-100	-81
78	-39	-4
17	89	-70
-2	19	15
-60	16	73
-20	6	45
-2	94	-57
-14	42	5
51	41	-56
53	-53	33
67	-5	-27
100	83	89
28	89	-81
-73	99	5
-21	42	11
69	34	-66
44	-59	47
30	12	-8
84	-79	29
67	-23	-9
-95	35	88
-23	-43	96
-24	-15	69
-39	49	21
80	-45	0
37	27	-30
-100	-80	-96
-30	-21	80
-60	11	78
62	-83	54
-25	-7	62
89	-27	-26
-11	-4	46
100	68	80
8	57	-31
-48	1	77
48	22	-35
71	-62	25
-100	-88	-41
43	83	-90
-63	70	24
-26	34	23
-61	0	89
-100	-59	-66
-90	88	32
4	40	-11
-75	66	39
9	36	-12
30	60	-55
24	9	0
-3	-3	38
12	-34	53
79	-15	-28
-14	61	-14
6	26	1
95	-40	-19
65	-99	66
-79	52	56
-36	-18	83
37	93	-93
5	15	12
3	80	-48
-69	22	76
60	-9	-16
32	0	2
92	-28	-28
-66	31	64
90	22	-75
88	-81	27
-26	41	17
64	5	-34
75	-48	8
-38	34	35
-15	-22	67
13	59	-37
-12	-38	80
61	-38	11
65	40	-68
0	23	10
-63	2	90
89	19	-71
-54	25	59
-76	37	68
52	-72	53
26	25	-17
-59	73	17
73	-17	-21
-19	-21	70
6	-59	84
-9	24	17
-67	52	45
72	-54	16
-74	41	62
63	41	-68
11	-80	99
89	-33	-20
-3	57	-20
-56	27	58
-38	3	65
-73	36	66
-58	52	36
18	-16	31
-33	69	-4
-60	-1	90
100	100	75
-63	-4	95
80	7	-51
-38	51	19
-30	58	4
31	-86	86
9	-57	79
-32	68	-4
-45	12	63
61	35	-60
-100	-63	-16
-65	88	8
81	-17	-28
79	25	-67
73	63	-98
-81	52	58
99	-14	-48
34	60	-58
-32	75	-11
31	-31	33
41	61	-66
67	-21	-11
-25	-42	97
-73	76	27
-94	63	60
82	53	-97
-31	-34	94
-61	43	48
86	-2	-48
-100	-55	-55
1	-25	55
5	21	7
-53	99	-14
10	-73	93
79	-26	-18
-36	82	-13
-71	53	48
-100	-31	-71
-100	-60	-52
-23	7	47
59	-58	32
-45	71	6
93	-36	-21
30	45	-40
85	42	-89
-99	100	29
70	27	-61
79	-68	23
58	-39	15
-100	-51	-22
59	-44	19
91	-55	-1
86	30	-79
-40	64	8
13	79	-57
40	24	-30
54	-93	71
-100	-68	-6
-36	87	-18
-31	51	12
-4	48	-11
11	76	-52
77	-52	9
79	50	-92
-23	83	-27
-81	63	48
-65	87	9
71	7	-42
91	46	-99
-60	30	60
96	-67	6
24	-53	61
-33	59	6
25	3	5
-32	31	32
5	38	-10
-76	47	58
18	29	-13
-20	-38	88
2	26	5
-70	57	43
-62	38	54
-59	-2	90
16	79	-60
-90	58	61
91	23	-77
65	21	-50
-83	19	92
1	39	-7
31	-90	90
10	-30	51
-100	-16	-68
75	30	-68
96	-47	-13
60	-32	6
31	60	-56
-34	82	-16
-15	24	23
-6	-56	92
32	77	-73
-11	6	36
43	-13	4
-73	86	17
63	47	-73
2	-31	60
-26	42	16
-97	77	49
86	-23	-27
35	68	-67
-44	-20	93
-66	62	34
35	-37	35
-11	17	26
-78	10	96
-10	-49	89
-63	96	-1
-90	92	28
19	29	-14
-11	75	-30
-22	17	36
39	3	-8
-42	14	58
62	-20	-8
97	-87	24
-1	13	20
36	-58	54
-77	98	10
21	-7	19
36	45	-46
33	95	-92
-56	2	83
94	-11	-47
-67	50	47
-73	86	18
-25	2	53
41	13	-20
-90	63	56
87	-93	40
-80	93	17
-91	89	32
73	-3	-34
-21	5	47
41	31	-37
50	-68	51
97	11	-71
-81	74	37
-57	10	76
0	70	-36
36	9	-11
-2	34	1
-84	20	92
48	-24	10
-63	55	38
59	36	-59
-93	90	33
60	12	-36
-56	74	13
45	11	-22
75	24	-62
-38	92	-21
56	58	-77
32	-59	59
94	-12	-45
-94	77	46
-31	41	22
82	13	-58
21	76	-62
21	-84	94
11	61	-38
15	5	13
-54	-6	89
-26	25	32
78	9	-51
-77	5	100
14	-30	48
71	-8	-27
52	-37	18
-93	44	77
2	3	27
-35	87	-19
20	17	-4
86	-85	33
75	-28	-12
-19	-18	67
58	-29	5
27	-90	93
19	-35	48
78	-1	-41
-100	-72	-63
-66	4	91
13	93	-71
-45	45	31
76	-11	-29
-18	82	-31
71	-78	40
97	35	-94
93	16	-72
-55	79	7
-20	69	-16
40	9	-15
82	14	-60
-73	84	20
59	28	-51
74	-30	-9
65	27	-56
17	-69	83
-48	24	54
45	35	-45
-56	19	67
-5	91	-52
15	-47	63
-4	8	28
-72	19	82
-35	-17	82
-77	53	53
-30	32	29
59	-79	53
32	43	-40
47	-65	50
37	-41	37
50	4	-20
65	-77	45
-39	89	-18
-30	44	18
-77	48	58
41	19	-25
-65	-7	100
3	95	-63
41	-92	82
-100	-96	-41
-76	10	94
69	-69	33
-3	98	-61
-33	1	62
-100	-74	-100
37	-76	70
-33	76	-11
-39	90	-18
-100	-89	-78
34	25	-25
-97	57	69
6	55	-27
14	-6	25
-55	64	22
-44	49	26
58	21	-44
25	-40	47
-22	77	-22
-10	-17	58
-73	51	52
-71	47	53
-36	76	-8
-11	11	32
-100	70	59
47	84	-94
34	-9	9
36	-81	77
-74	42	61
98	-85	21
23	54	-42
69	-85	49
82	-16	-30
24	5	4
-72	6	94
62	-41	13
83	29	-75
-74	74	30
-68	48	50
-65	14	80
25	-83	89
13	29	-9
7	-59	82
-63	98	-4
-67	3	92
-63	52	41
-3	24	12
46	-59	46
-100	-41	-86
3	-31	59
-9	-43	82
81	-4	-41
-3	-5	40
-100	-62	-19
-23	48	7
-60	13	76
97	-22	-38
84	6	-53
71	-44	8
77	56	-96
79	-46	2
-19	-25	74
78	7	-49
14	44	-24
-19	75	-23
-67	67	31
35	95	-93
-10	1	40
20	54	-39
83	26	-72
68	-28	-5
-100	-96	-50
-57	19	67
-96	24	99
29	-11	15
14	63	-43
78	47	-87
33	-73	72
90	-92	36
67	-86	52
45	34	-44
-99	28	99
100	100	83
92	-1	-55
73	24	-61
69	-10	-24
-28	44	15
89	-95	40
38	85	-86
-41	29	42
-70	24	75
-56	54	32
48	31	-44
-25	-42	96
-62	94	-1
14	4	15
55	53	-72
57	-36	13
-100	-51	-38
16	63	-44
100	23	-85
-83	57	55
-77	65	42
-71	65	36
-66	94	3
98	20	-80
85	45	-92
96	-66	5
17	82	-64
-61	48	43
99	-23	-40
23	75	-63
14	36	-16
84	-21	-27
90	-28	-26
-94	30	92
49	-35	19
61	45	-70
-100	-75	-6
17	-36	50
30	67	-62
40	-84	75
-40	79	-7
-26	-9	65
95	-87	26
21	67	-53
-52	92	-8
86	-100	48
-79	65	43
-100	-77	-52
73	-83	43
43	-70	59
-20	26	26
43	2	-11
63	-2	-26
32	25	-23
-41	97	-24
-90	48	70
71	65	-98
4	80	-50
-83	97	16
61	-26	0
20	75	-60
-24	39	17
-62	66	27
-34	95	-28
75	-97	55
54	-84	62
-88	16	100
73	-44	6
56	-6	-16
69	64	-95
-52	83	1
-49	19	60
-78	97	12
86	20	-69
4	90	-59
60	-83	55
83	-25	-23
72	-21	-16
-89	21	96
71	17	-52
-6	56	-17
-89	53	65
-100	-35	-89
73	-67	28
-33	49	15
8	7	18
-68	39	59
25	-69	75
42	-37	28
-100	-57	-77
71	-23	-13
-32	18	45
86	-48	-3
4	86	-55
68	-73	38
-40	19	51
53	-24	5
99	-89	24
26	-65	70
30	-19	22
-12	14	30
-100	-63	-69
-100	-52	-65
36	51	-52
37	74	-75
-88	42	75
57	-19	-4
-6	95	-55
100	93	85
20	-31	43
-56	50	37
77	-22	-20
-35	73	-6
82	-18	-28
35	-74	70
41	63	-68
92	-21	-35
67	-77	43
79	30	-72
-28	-41	98
11	21	1
0	1	31
-100	-62	-89
54	54	-72
-13	-15	59
-88	44	72
9	-73	94
35	-61	58
-100	-64	-2
59	-91	64
-57	96	-7
84	-62	13
2	-34	63
-30	70	-7
13	61	-40
22	-47	57
65	7	-36
-11	20	23
-20	-32	82
-10	-20	61
14	87	-66
-100	-73	-66
71	30	-64
-34	-28	91
-41	7	64
74	-42	3
43	-3	-6
86	-51	0
30	-27	30
4	-32	59
-28	12	47
3	25	5
0	95	-60
17	26	-9
-17	-43	90
-39	99	-27
94	-26	-32
13	-68	86
-100	-74	-67
-52	45	37
-15	58	-10
-9	89	-46
75	-60	19
43	-80	69
34	-75	72
-44	81	-5
8	67	-41
-7	31	9
-33	7	56
31	-19	21
58	-35	11
81	-60	14
50	54	-68
-60	61	29
-38	88	-17
16	-75	89
70	14	-48
39	74	-77
96	-60	-1
-100	-78	-13
18	-22	36
-2	-53	85
46	-85	71
98	6	-67
55	75	-93
-100	-86	-44
-15	81	-32
-10	70	-27
47	-85	70
-15	0	46
74	-28	-11
33	-88	86
-8	40	0
20	-80	91
-78	64	44
-100	-1	-83
49	-100	83
0	12	20
-72	81	22
25	32	-23
26	38	-29
32	-61	61
-100	3	-86
96	-72	11
-45	14	61
-37	-28	94
-7	-6	44
69	-83	47
21	43	-30
92	-33	-23
-20	-25	75
-3	25	10
-22	36	18
58	10	-33
49	28	-42
-59	82	8
23	24	-13
-65	72	24
-31	-35	95
-3	93	-55
47	27	-39
-17	69	-19
34	39	-38
-100	-95	-32
-33	84	-18
25	-5	13
-89	47	71
-44	71	5
-56	-12	96
20	24	-10
91	-76	19
-14	-40	84
-99	55	72
18	10	5
-100	-98	-79
-74	49	55
83	35	-81
14	-76	92
-24	19	36
76	-32	-9
69	-22	-12
100	-58	-6
-100	-60	-89
2	71	-39
-66	56	40
-59	39	50
77	-73	30
29	8	-3
-71	32	68
45	-47	35
39	-15	9
-100	-40	-58
91	-69	12
55	-37	16
28	23	-17
-100	-61	-95
65	-53	22
-97	79	47
100	74	71
79	-24	-20
86	32	-81
-100	-45	-91
61	-46	19
28	93	-85
-21	40	13
72	-90	51
-75	21	83
-7	54	-14
64	-92	60
-70	8	90
-62	22	69
59	25	-48
87	-29	-23
67	-79	45
-70	97	4
-100	-72	-27
20	69	-54
-100	-39	-31
-92	100	22
40	53	-58
-31	20	42
-23	-3	57
-100	-91	-58
-100	-53	-19
-100	-37	-71
26	33	-25
-100	5	-71
-31	-5	66
44	-69	57
-13	-49	92
-17	-10	58
-82	77	35
18	16	-1
24	-37	45
-64	64	31
-33	17	47
74	-29	-10
-68	75	24
33	-94	92
-24	95	-37
71	-32	-4
-7	60	-20
16	-21	37
-69	59	40
91	-12	-43
46	30	-41
92	-96	38
56	-21	-1
-100	-48	-100
-33	47	17
-100	-91	-10
18	-53	66
-49	42	38
72	6	-42
40	-87	78
-84	89	25
-81	23	86
58	56	-78
-100	-92	-60
-61	76	16
-61	70	22
96	-29	-31
-69	60	39
100	87	99
-15	-48	93
-20	87	-34
-57	10	76
-34	-15	79
-5	70	-31
69	10	-43
-47	30	48
-4	-56	90
-100	-37	-49
-58	24	63
54	72	-89
-4	6	30
59	-4	-20
36	51	-51
-51	86	-3
-62	-9	100
44	50	-59
-66	76	21
-41	98	-24
39	73	-76
92	-98	40
-14	57	-10
-46	-24	99
84	-47	-2
72	-24	-13
54	-71	50
76	-100	57
-100	-89	-65
34	94	-92
78	-100	55
-41	-7	78
-24	-36	89
83	29	-75
-14	6	39
-9	-4	44
-14	51	-4
-59	66	24
100	80	59
-41	86	-13
-39	-19	87
11	-30	51
-1	87	-51
-73	100	4
-18	77	-26
8	-10	34
-87	41	74
-98	100	28
1	-2	33
38	-73	67
35	94	-93
73	-27	-11
-18	74	-23
-56	70	17
77	-63	20
-96	32	92
32	61	-58
-100	-76	-94
-37	19	49
87	-51	-1
-56	50	37
23	-41	50
-59	61	29
73	43	-79
-60	66	24
85	-12	-37
-72	70	32
-11	-36	77
-7	14	25
100	87	78
-4	58	-21
20	6	7
83	-22	-25
25	32	-23
-18	-21	69
28	39	-32
76	54	-93
-100	-7	-93
-74	88	16
21	-83	93
42	-89	78
90	-98	42
57	69	-89
-54	39	45
15	90	-70
-1	32	2
-29	2	57
-84	30	82
41	-83	74
-60	1	88
75	-53	12
76	-9	-31
6	58	-30
-14	96	-48
9	64	-39
-54	29	55
34	-49	47
19	-71	83
-98	58	68
20	-46	58
-87	49	67
-82	32	79
95	-62	2
-7	12	27
3	-25	53
15	79	-59
-60	62	29
-73	72	31
-96	60	64
62	-15	-12
-100	-69	-66
-78	16	90
-69	23	75
39	-66	59
78	-10	-32
75	-50	9
-62	52	40
-35	-12	76
-34	-15	79
45	50	-60
-60	47	43
-77	56	51
-5	19	18
-100	-80	-46
13	80	-58
68	-45	11
-61	30	60
83	-38	-10
-65	46	49
53	-87	66
-65	1	93
-74	52	51
-70	27	72
8	84	-57
-71	54	47
77	-38	-4
-100	-67	-63
-29	92	-30
-89	59	59
-84	72	41
80	33	-76
-91	57	63
100	65	100
49	6	-20
13	25	-4
74	1	-39
60	-28	2
48	67	-79
-64	81	14
-62	88	5
12	87	-64
-74	53	51
-48	24	54
-46	24	52
58	-81	56
-65	72	23
-77	43	63
93	-38	-19
-100	-55	-19
-64	14	79
22	-85	93
-100	-23	-97
83	-65	16
-58	69	20
-17	-52	98
9	-62	84
28	-24	28
-100	-34	-58
-59	5	83
-100	-82	-97
40	-50	43
77	16	-57
-92	41	79
59	-5	-19
2	6	24
-96	95	31
100	97	78
53	-83	62
-56	90	-3
10	58	-34
-100	-79	-100
62	-46	18
25	33	-24
-38	55	15
81	-88	41
39	-3	-2
92	-25	-31
69	50	-82
45	-8	-3
100	94	67
39	-35	29
39	-1	-4
78	-25	-18
-3	95	-58
45	23	-33
21	11	2
-97	60	65
17	72	-54
-100	-43	-77
7	-14	39
80	-62	16
51	-56	38
-41	-28	98
86	39	-88
3	-66	93
26	-82	87
43	-52	41
72	18	-54
-55	16	68
46	-32	20
-100	-77	-82
-79	42	66
-77	96	12
-22	-15	67
53	59	-76
82	-64	16
6	-8	34
-9	52	-10
90	-52	-3
100	-60	-5
-18	88	-36
6	-7	33
50	-14	-2
17	43	-26
-55	46	39
-45	-5	79
13	79	-57
-58	26	62
74	-21	-18
-100	-98	-65
10	90	-65
-78	91	17
-31	27	35
1	-45	75
-98	44	82
-91	52	68
25	-84	90
22	85	-72
-58	61	27
-35	75	-8
-100	-39	-63
15	81	-61
18	-39	53
-24	41	15
59	-96	69
75	-18	-22
-15	-2	48
75	-64	23
99	-6	-56
73	-8	-30
-15	53	-5
-11	94	-49
34	24	-24
40	-1	-5
83	12	-59
91	10	-64
9	-79	100
-4	-59	93
35	56	-56
88	1	-52
46	13	-24
77	-10	-31
-51	9	71
16	-47	62
69	-88	52
-74	70	34
-5	-7	44
4	-56	82
-23	84	-28
-88	86	32
49	-58	42
58	69	-90
-33	-32	94
-67	68	30
7	-47	71
64	-12	-17
61	-98	69
83	-90	41
7	-51	75
-63	58	35
-59	73	17
-87	73	43
18	-6	21
-100	-78	-45
-79	27	81
85	18	-66
55	-53	31
-52	-18	99
19	-70	82
100	86	93
54	-25	5
-60	55	35
94	-41	-17
93	-100	41
48	-40	25
6	-35	60
55	-18	-2
80	38	-81
35	-62	59
-100	-91	-84
-6	83	-43
20	-70	81
-11	19	24
4	-73	99
-86	79	37
14	54	-34
71	26	-60
79	-69	24
84	-19	-29
-25	-29	84
87	1	-52
68	-66	32
57	12	-34
-25	-41	95
-23	34	21
-45	42	34
-1	-69	100
56	59	-78
-37	-4	71
-100	-56	-12
95	-33	-26
36	-4	2
96	32	-90
-48	23	55
40	-48	41
11	9	13
-3	53	-17
-12	-27	69
-55	-15	99
45	-5	-6
68	-19	-14
12	-27	47
41	26	-32
-18	51	-1
16	100	-80
-66	99	-2
-65	100	-4
24	-19	27
30	60	-55
-19	27	23
-39	21	49
-100	78	51
45	13	-23
25	40	-30
84	5	-53
78	-36	-7
-100	-73	-38
83	-49	1
14	45	-25
-27	35	24
-36	86	-18
-91	55	65
91	-1	-53
38	88	-89
5	-34	60
-58	77	12
8	-17	41
84	-45	-4
84	-43	-6
82	-95	46
7	-27	52
-100	-72	-50
-2	24	10
99	-53	-11
-11	89	-44
23	40	-29
3	99	-67
53	-29	10
-100	-34	-34
-4	29	7
-68	5	91
-54	-12	94
69	-20	-14
3	23	7
2	97	-64
-66	70	26
8	10	15
-18	20	30
-1	40	-6
-42	-24	95
49	59	-72
85	-78	27
18	0	15
-50	-15	94
32	-46	46
-3	18	17
-42	27	45
-72	30	71
7	-36	60
-100	-82	-58
14	-2	21
-48	69	10
77	-68	25
-11	52	-8
76	-37	-4
28	14	-8
92	-59	2
-72	70	32
-100	1	-78
4	71	-41
49	-20	5
-57	5	81
46	-74	60
22	85	-71
-68	4	92
-54	25	59
-73	74	29
30	19	-15
-35	-23	87
-91	74	46
4	-62	88
-1	-60	91
44	-77	65
100	87	73
-6	-2	39
13	50	-29
-1	-65	96
43	11	-19
-20	5	46
-15	85	-37
83	10	-56
52	-51	32
5	50	-21
0	-23	54
-100	-88	3
-20	47	5
-68	-2	98
-19	65	-13
90	-40	-14
5	19	9
79	-49	5
58	-21	-3
31	51	-47
-19	11	39
-21	80	-26
-49	83	-2
43	-57	47
91	-76	19
37	-47	42
68	-9	-24
42	95	-100
69	33	-65
-100	-50	-30
-55	28	57
-47	100	-21
58	13	-36
2	2	28
61	10	-35
36	20	-22
-61	18	72
-86	77	39
55	55	-74
-46	-12	87
-59	62	27
82	-63	15
98	-99	35
-80	50	59
23	43	-31
95	-60	0
76	-28	-13
-46	27	49
34	-79	77
25	77	-67
-61	6	84
93	-66	8
97	23	-82
31	90	-85
-100	-86	-47
-14	-18	63
-73	12	90
35	85	-84
-32	55	9
-72	10	90
53	-22	3
-61	49	42
-59	47	42
23	65	-53
-6	42	-3
-34	20	44
23	41	-29
-57	13	73
-75	11	92
32	-20	21
70	-76	40
-27	-11	68
-62	89	4
1	8	23
39	39	-43
-84	67	47
74	38	-75
-100	9	-74
10	12	11
62	52	-77
18	42	-26
77	-14	-27
-65	24	70
-30	32	29
23	77	-65
-100	-89	-6
63	-87	57
98	-66	3
100	76	82
-71	50	51
-36	70	-2
-61	47	44
-32	7	56
38	-97	90
-53	92	-7
10	91	-66
-47	-19	94
-5	51	-13
-23	28	26
-100	-66	-91
30	-30	32
-10	16	26
97	-36	-25
-78	53	55
-27	-19	76
58	-61	36
94	33	-89
-89	32	85
-63	16	76
12	76	-53
69	-69	34
-24	3	52
-8	49	-8
-41	78	-5
-79	71	38
-25	25	31
50	-98	80
90	-19	-35
83	-10	-37
-58	0	87
82	17	-62
35	-89	85
84	-28	-20
54	-27	7
93	33	-88
-44	40	35
-17	0	48
15	72	-52
-81	35	75
-43	76	-1
90	32	-84
-40	24	47
-21	18	34
2	-22	51
100	61	80
-52	37	45
-76	84	22
-2	-48	80
93	-40	-17
21	-83	93
57	-84	59
-29	39	22
86	-63	12
97	-5	-55
88	47	-97
-100	-35	-51
-68	17	80
95	26	-83
14	-81	97
52	-51	32
86	-45	-6
-24	-9	63
70	37	-70
24	93	-81
67	-35	3
-66	78	18
-80	27	82
-84	17	95
-100	-92	-31
72	-89	50
-3	96	-59
-100	-57	-59
-38	88	-18
86	52	-100
-100	-25	-60
9	-57	79
42	-42	33
23	36	-25
15	21	-3
7	-11	36
70	-40	4
95	7	-65
58	-39	15
49	-15	0
3	61	-30
10	26	-3
-33	-14	77
-5	37	1
-15	-37	-5
-51	29	-36
17	-65	-55
-56	58	-38
48	-77	-71
-70	-11	-97
35	47	74
58	-32	-57
-39	89	62
8	35	-12
95	44	61
-56	-89	-14
90	84	24
-62	-57	-19
86	-35	69
37	78	-57
-43	42	76
-9	-22	54
70	27	96
-49	89	40
3	-92	0
58	-50	-87
1	3	-88
44	-60	6
-21	-3	3
-7	72	-98
-25	24	-90
18	-49	94
12	3	-34
-94	-25	-16
-9	39	96
84	36	-65
81	-72	-86
55	-64	-25
-69	14	1
-30	-89	82
-49	-23	56
93	76	-36
30	85	58
6	-54	48
48	-5	-72
28	-48	2
11	-5	62
-33	12	44
88	21	-12
36	-13	38
-8	-59	-8
-15	55	98
29	-2	63
31	-46	51
-22	-25	82
-33	-94	42
-54	3	-39
100	60	16
-81	84	65
-89	-95	-45
76	94	-2
-80	-87	-96
-44	-37	40
-70	100	54
39	80	-59
-90	90	-63
62	20	14
47	-11	84
-24	-7	-18
76	-35	72
-68	17	-7
8	56	-40
-47	-42	-39
78	-89	44
-99	-85	4
7	-40	81
-25	-91	94
28	-51	-15
42	-71	4
15	44	21
23	-20	99
68	98	-18
-39	-69	-76
81	58	32
76	85	8
71	45	-27
-21	69	-68
1	1	-45
78	5	-32
-92	67	27
56	38	14
40	-46	32
45	-67	-82
-78	-54	-71
57	-6	-48
-38	52	-36
78	72	-16
-69	-65	76
-12	-78	80
43	91	-7
-86	-47	-35
-3	-76	-81
-82	-65	31
77	-75	11
-45	-43	22
-97	45	-94
-97	16	53
-97	-70	96
-58	25	3
39	-48	-68
52	-98	-57
25	-93	94
65	-41	-30
-68	-57	16
34	-100	46
73	76	78
-47	-15	-23
74	40	-25
40	-90	-78
-31	-45	-1
17	-20	84
-1	-76	-77
-32	31	-51
29	-62	-15
37	71	-28
-63	-30	-71
-51	-31	50
25	-15	68
55	79	-38
68	85	97
72	-5	-96
71	16	64
32	-66	77
23	5	-56
28	25	-54
92	-64	69
-97	3	41
93	-80	86
50	92	95
-84	45	-55
61	0	46
-47	57	44
-19	66	-46
8	5	-65
-47	26	65
5	97	61
21	63	43
-6	65	-18
-44	79	-25
-82	-79	25
70	16	-10
32	63	-96
-1	-25	68
3	10	-29
14	-5	99
6	40	-6
-80	-56	96
-67	-4	82
3	-33	36
-37	97	78
-31	-37	45
30	39	89
45	21	64
61	-95	21
94	-83	-48
-29	80	-31
-16	50	-61
81	99	77
29	36	-80
8	-71	-4
-31	-65	-22
90	-66	-53
26	84	57
-91	61	-82
31	-40	-62
-26	-60	-22
29	-69	-13
-34	80	-53
39	-12	-36
68	-99	-98
69	-63	-8
-32	-9	70
-58	-97	84
-96	46	96
13	-25	90
-79	-51	38
38	-45	-5
43	79	98
-92	-97	-44
-69	-49	46
83	58	83
54	-60	24
27	-37	69
-32	-68	-63
-6	25	-14
-9	53	4
-43	17	-61
26	-71	47
7	-75	-42
-6	-41	-12
14	-90	52
-63	-79	88
-87	59	-66
-34	-6	87
70	-30	-78
-42	-52	-46
12	17	-50
53	75	34
7	-43	29
-64	-53	-86
-35	-68	-97
-20	55	-79
-15	-44	3
-1	-22	95
-30	92	-77
-48	57	60
24	-51	78
-97	82	42
-62	61	-64
-82	31	65
-41	77	12
-81	-100	-39
83	-11	15
-99	74	93
52	-87	-61
-45	-18	84
11	-45	0
69	13	98
-63	-38	-49
-39	-58	94
86	-34	26
38	-61	1
-17	-50	91
62	-31	-32
-55	23	-24
86	-48	69
3	83	-21
-47	8	-24
-35	-10	-36
14	82	39
-90	21	-53
21	-85	7
-34	-87	74
38	73	-69
93	50	86
-68	23	91
22	-48	-91
-18	59	-41
15	33	59
-50	-27	50
-63	69	-31
-48	51	48
-80	25	7
69	19	-62
95	66	-90
-53	-40	58
-10	-68	68
-26	93	29
29	28	63
88	-95	-17
48	-84	41
-76	0	-96
63	41	99
-63	-89	99
-17	53	34
72	-12	93
-51	-32	-28
-100	60	-60
82	63	76
40	23	-78
86	-68	19
-77	-79	2
-3	70	-35
-95	-16	20
59	-47	-79
69	91	-61
96	58	-60
70	39	37
-89	47	-43
1	-57	38
-72	-77	-83
77	-48	80
-21	-40	32
-69	-26	18
28	-57	85
52	-58	7
-82	-88	73
37	44	66
82	-85	-6
83	-89	-26
-55	97	27
28	78	-39
3	83	-100
-58	-10	31
8	65	-16
22	-58	-4
53	-40	5
50	-18	-70
65	-8	-21
-48	95	-63
-14	-3	-52
-43	86	-23
91	100	-34
23	-52	-41
6	77	23
-58	-71	80
-19	-41	73
98	-71	52
69	-5	14
-3	63	-14
83	-49	88
64	57	93
-18	-50	79
-94	31	-58
-71	-71	-89
-55	-56	5
7	23	-37
-1	71	36
-36	-12	-32
-3	-12	-9
64	-6	-63
81	41	98
-28	43	-80
31	60	79
-99	-25	28
30	69	-100
41	24	-49
-92	90	-61
-78	-17	-20
-48	-1	-31
25	86	62
-13	-57	-63
-95	-51	-12
-87	74	2
-15	77	63
-16	-3	-4
-93	34	19
-32	57	65
-60	55	4
98	58	-42
18	-80	-57
52	-95	75
-83	14	-69
-9	25	19
12	27	51
49	24	-87
-24	39	87
85	-56	66
50	-43	-72
97	-53	-11
34	-93	-8
-70	-4	53
-41	33	72
89	-33	83
-36	16	-92
-100	56	-71
-86	-9	-70
-9	21	-82
-29	33	76
-23	-98	49
46	-80	-34
43	58	17
-74	-19	-69
98	-10	92
-58	-12	-28
-97	21	29
57	49	1
100	83	57
-41	-58	-13
-26	59	63
77	82	31
-78	-58	-54
16	21	59
-8	75	-26
98	-84	-100
-62	-51	-68
47	-32	-88
-53	21	-46
-53	47	-62
10	-16	15
-70	53	22
-31	-80	9
-39	-81	-54
-75	-13	100
70	-35	74
-74	-99	66
57	-80	94
-46	27	-9
50	30	-40
-24	75	-5
-92	-94	-63
-57	-39	-79
53	29	96
-8	78	-71
87	21	81
-87	-23	-44
-20	-79	45
-27	54	-36
21	77	-75
-69	19	-9
-51	85	-56
51	-83	-19
63	27	-96
53	-26	-27
70	-36	-58
64	-32	-95
10	37	-47
-97	97	54
51	36	-47
73	22	-16
97	21	-91
5	-57	94
86	-65	4
0	-50	51
-48	28	47
-29	3	-11
-79	58	9
-80	21	83
-62	-55	88
-10	-100	-18
-72	90	-96
20	56	54
-36	-35	-79
-51	79	-68
2	-90	-14
2	52	-31
-93	-21	-68
64	51	65
76	77	100
-74	-34	98
-95	-5	-66
-78	-28	-39
47	33	72
94	-93	-62
-33	73	79
-24	18	11
-3	36	-7
19	-17	21
-51	-36	-62
-61	45	80
54	-63	99
-76	-57	-16
98	-21	39
-75	56	-81
-2	-87	-28
95	-3	78
87	-1	-42
-11	30	31
5	-13	-88
14	73	-93
-78	7	88
92	-60	70
-61	-57	30
-5	-21	-61
72	-29	81
-26	-79	-31
-51	-46	68
-40	-48	-54
22	-36	7
-32	19	56
-29	-16	6
31	-98	-52
-69	6	74
2	55	-46
-52	-8	-80
-81	17	-42
50	-69	-34
43	-36	19
-60	62	-46
42	-30	76
-37	72	24
74	-77	95
33	-59	-31
32	-58	15
-5	48	-1
13	-88	61
-75	2	48
-52	18	-12
-10	28	-80
88	-9	-59
94	-11	-65
98	-62	84
30	-26	-31
-75	-13	-24
90	-83	89
51	-52	16
-81	27	49
-6	16	68
-72	-86	-46
-65	-16	-5
75	45	50
-73	39	53
-20	-3	9
16	84	39
-8	100	-85
-29	-42	0
0	39	-20
4	69	64
-8	0	74
-33	70	-76
30	-6	90
75	-49	42
26	62	-21
-65	-29	51
-93	3	44
-90	-98	16
53	57	56
54	36	46
-86	-30	77
87	36	-61
80	-87	28
-15	87	-11
50	18	49
-27	46	-4
-79	-36	-32
30	-4	-35
-80	-19	-2
-43	15	-88
-32	76	59
-57	60	81
66	40	-74
-60	-44	-42
-77	23	16
-46	-39	-15
68	-21	-89
-41	33	-29
-22	-15	75
11	67	-46
41	23	-1
15	-84	-89
30	6	58
68	8	-94
-30	81	-92
-91	7	74
49	66	-80
-87	-11	-65
-99	-91	-57
-13	66	-25
-94	-45	73
72	-1	33
60	8	7
5	24	56
27	-100	72
-95	90	52
-37	-32	78
-100	62	-100
-66	28	-67
-37	14	-94
68	-57	40
-18	61	-48
-67	-1	-18
-25	-50	99
-33	-56	-59
-36	-14	-11
-36	97	-80
-8	-76	-3
-3	-94	-6
73	37	71
-1	-4	95
0	38	-19
-85	-55	-61
19	72	-10
-31	88	-82
80	33	17
60	70	-58
45	99	17
87	-24	-82
-57	85	55
59	-39	62
11	77	54
-97	68	7
60	-51	-59
-51	46	-76
30	-78	-63
-21	18	-27
77	-88	68
29	55	-2
-22	13	-39
-37	73	-40
-15	60	11
29	59	-90
-36	77	66
-90	100	21
-99	-5	-47
-7	-44	-47
81	64	-33
-19	83	-52
94	83	-79
-44	26	-46
-55	-4	-23
81	65	86
14	-100	-36
-74	-86	42
7	66	-88
-53	28	-41
-55	85	-44
-92	-17	-92
94	-97	78
-37	36	76
89	-93	-50
12	66	4
-57	-79	31
-33	80	-44
90	54	49
26	74	-84
-65	47	-45
63	-89	41
98	-64	-87
-32	87	61
-92	-49	-35
-12	-63	-93
-9	96	100
9	-97	7
29	78	-95
-100	-81	29
-41	-32	-71
61	-73	89
21	-74	97
9	14	29
-10	75	-66
70	-41	28
92	1	16
42	-66	79
-83	26	43
48	-66	-67
35	97	-83
-16	-91	19
31	-53	-77
-24	67	-89
-90	82	-19
-30	-82	-72
-28	59	19
-23	-91	18
-88	17	-67
-49	44	1
-54	73	93
63	75	18
11	-95	66
15	-61	-89
5	16	34
5	32	-48
-3	47	8
15	-25	-24
15	-43	88
0	-28	-8
-15	-20	4
22	-70	94
-81	-52	-93
64	59	-88
-37	58	19
8	73	-7
84	8	86
82	54	97
94	31	-2
16	-52	17
30	-89	34
-27	-71	60
8	83	-14
41	-14	-16
-56	34	88
-5	-48	18
57	-93	-15
-6	16	65
7	4	26
7	29	-1
-4	3	100
-9	-66	48
-21	90	28
60	-100	90
-93	-57	-79
2	37	-81
-92	-1	-21
80	60	-59
-69	-65	-5
70	67	26
-67	-100	-46
87	-56	83
-16	54	0
-60	-85	-38
91	97	-94
-5	-14	-27
43	-95	67
6	-2	-71
-81	17	43
59	-41	99
-48	10	-77
-99	27	100
35	-80	100
-61	-83	84
20	69	-16
-83	90	64
-66	36	49
-78	-74	61
59	27	2
-75	68	28
-60	26	-6
1	88	6
-61	89	-30
-94	61	-34
-26	4	88
84	87	30
46	-98	27
80	24	23
-50	-70	-17
-38	-57	100
-2	10	-47
-29	99	-8
-11	-82	81
79	79	-99
-7	-73	76
-17	49	23
73	76	41
73	-20	66
-100	-40	-99
71	-49	57
-78	77	46
-30	9	-50
-88	-98	5
-4	-6	68
49	68	-76
26	-14	-3
47	68	-18
61	-11	-33
-42	26	-70
-12	-29	39
-9	18	68
-77	56	-99
-44	-78	18
26	-30	46
-83	-23	-19
74	-77	13
42	-25	74
4	-77	-16
-25	-39	-13
-22	-88	84
-80	25	31
67	-95	77
100	25	-89
-78	-30	-37
79	-79	-3
36	43	-88
87	-16	2
18	46	97
65	87	-6
-16	49	-5
15	78	-90
35	6	46
-86	-49	-28
5	75	-1
1	19	-96
11	26	-98
87	39	19
-25	-8	28
-18	2	79
35	-99	-81
-18	15	76
17	8	-8
-47	-56	16
52	21	-9
41	-18	10
-97	-84	-74
92	-46	-40
-8	-3	-91
76	-61	-14
-17	-47	-97
67	-20	-50
-48	-78	-41
23	85	-89
13	-43	-18
-14	-65	-83
-73	35	-90
-83	-22	-14
52	44	48
59	90	-83
67	41	-32
-95	71	91
13	85	-59
-59	-12	-41
-50	-20	-68
-85	-21	97
79	-95	-38
92	49	5
-24	-35	75
18	-86	36
2	-6	-67
-58	56	-56
44	7	-13
-9	74	-49
77	86	-53
52	68	99
-46	37	-35
52	81	85
56	75	92
63	30	6
-84	96	70
5	40	94
-75	-92	24
89	-29	72
9	-12	-69
-90	-85	63
-42	25	-3
77	-37	-22
-29	51	14
-52	-14	82
-48	82	77
82	-26	79
-19	-29	-54
-47	26	59
-26	-35	-34
-7	-58	-7
53	45	60
-72	4	-95
-92	-60	32
-8	-66	89
-20	77	23
43	36	-11
96	27	-87
-47	30	45
17	-95	100
39	2	98
-89	79	9
-79	-4	41
-78	-77	-23
72	74	-67
-53	90	-64
-42	73	49
-64	31	30
78	-2	15
-21	-1	-85
-86	12	-1
-95	-30	38
34	-19	-44
-20	-41	-19
82	21	13
-89	-77	54
80	-95	41
8	-41	-68
-49	2	72
-32	-66	-20
94	42	97
25	-93	12
79	66	4
-4	14	8
81	78	14
-33	-46	-90
-84	66	-26
62	-1	-7
-25	7	-47
-33	55	68
67	-35	-54
76	-13	17
-16	-43	13
-99	-67	-43
-50	-16	-8
-68	27	-19
18	84	-53
61	-48	-32
-95	-69	-58
3	-51	0
-42	11	-90
36	29	-52
-38	-96	-9
97	84	98
-3	-85	33
-83	11	-85
-99	-57	80
72	49	72
21	-95	-87
78	70	-45
-25	81	-93
-88	43	22
-54	15	55
-57	70	22
90	22	100
-50	-37	-64
36	89	20
-73	2	-94
21	-13	62
-61	-85	24
-65	-16	-65
-64	22	-97
91	-15	-27
-90	71	97
-39	58	-27
-43	82	-73
73	-30	43
77	-58	82
35	-52	-22
-100	-8	-44
61	-93	0
-69	-92	-14
-13	54	-100
96	-41	79
64	26	-82
24	66	45
33	-37	5
35	-34	45
81	-42	-58
-46	2	-27
25	90	93
-83	-50	63
-3	-70	49
87	71	-72
-73	77	-90
64	-88	16
63	-89	-18
34	-32	-71
51	-75	41
55	-50	50
-56	-67	-49
27	-29	-30
87	47	-24
-45	-74	36
96	46	-7
-24	7	-10
34	-83	-55
26	-9	-9
92	92	21
64	-34	-76
-79	42	80
100	43	37
77	1	6
41	78	-34
-60	8	85
46	38	22
36	-26	18
-49	-79	-68
4	19	43
61	35	-21
49	-78	-19
-49	-67	-16
56	97	-97
56	0	-94
85	94	-61
80	-15	83
6	-55	-46
100	-73	92
6	71	21
47	-5	-77
95	-85	66
-73	92	55
86	89	-26
1	90	42
19	81	75
11	-34	-72
94	24	-67
60	-45	-11
-75	50	96
-11	46	-38
63	-91	1
80	62	-16
-59	58	-99
-15	95	-4
9	-95	-44
12	-20	-53
-84	95	4
-7	54	72
91	-65	61
-24	-98	-58
60	-4	-57
-88	38	81
-59	39	-81
-9	-30	9
-73	9	30
37	-49	-50
-67	13	-31
48	-28	51
58	-30	-45
30	90	26
23	65	56
60	25	-1
-47	-3	-33
-25	-30	42
-72	26	25
95	-35	-55
-59	-47	85
11	-57	-11
73	-89	-77
-7	-46	-33
26	12	50
-7	68	5
54	-33	84
-69	-16	54
83	58	-58
28	20	47
-74	63	-96
-91	-12	37
42	-88	22
-34	87	13
-25	61	-57
100	50	59
92	35	58
-81	-59	99
-38	-90	69
-70	28	-15
-54	-55	-9
-24	-34	-9
-38	16	-77
-87	52	56
84	-12	-20
-30	56	24
11	84	-92
-17	37	86
90	-94	22
-94	48	-23
68	12	-15
-64	-81	42
-78	100	-6
52	37	-67
35	78	84
-99	-65	54
18	92	-45
-55	19	44
-24	63	9
6	-13	-40
69	-44	68
46	-54	-61
-29	48	-32
39	-52	57
-70	60	-54
76	49	59
-99	88	72
69	-11	57
-78	22	93
41	60	-43
-67	16	13
-66	84	-19
-35	89	32
44	31	-12
-15	79	43
-1	-85	60
-2	1	-86
50	4	-1
-12	100	68
-89	24	24
-53	31	88
-90	5	32
-57	96	76
66	10	60
-74	-42	-43
-17	-17	10
-87	24	7
-67	-58	-42
-58	-17	-89
-87	46	84
14	-47	-35
-92	-3	-100
0	-26	-26
-89	-45	-81
84	33	92
-46	24	-54
-59	-96	16
-43	99	100
-84	-87	-12
29	69	-78
20	-71	-50
92	-48	-44
-6	-82	61
-43	83	-92
-64	-98	-31
-12	-51	10
-33	88	60
66	73	41
-33	-44	-45
-34	92	-17
12	72	6
-49	-9	-75
69	92	-19
35	61	6
-14	85	-79
8	-79	97
30	29	65
78	-39	81
-37	55	-43
9	25	96
-99	-72	-73
-23	45	-89
3	85	11
-56	19	-42
-71	32	-73
-46	-20	88
19	60	-66
-41	36	-38
19	35	10
26	89	36
68	-41	-33
-15	34	32
-22	-92	-60
-90	-96	-63
-15	-14	-90
7	49	29
53	-91	-25
-30	91	65
61	43	-7
65	59	-90
1	78	96
75	-24	-41
91	45	99
-4	76	-29
48	9	55
98	74	-50
-49	-88	87
81	73	80
-39	-2	-31
2	24	92
-61	14	-50
-70	9	-73
-59	10	-91
52	16	-97
31	-43	-67
-97	22	-19
-90	64	69
-58	14	46
-77	21	-96
-84	14	79
90	-11	-80
-93	-44	-39
-79	17	-100
27	57	-37
-59	0	-3
83	-50	15
46	-43	76
89	-8	61
-78	97	-100
4	-94	89
-77	-75	96
-70	63	-73
84	23	-100
73	83	-96
-19	-17	-93
5	-99	-87
-51	-59	-30
-11	-30	-44
-97	-99	97
-40	86	-40
-39	17	11
-89	4	31
-33	-90	38
-31	100	27
15	74	-25
71	7	-92
53	17	96
87	-45	66
18	34	56
40	-73	62
-70	23	38
41	11	-35
-6	-30	80
-24	-63	91
-24	80	-58
44	75	-4
82	-68	-6
88	7	-32
-36	-25	-38
46	-7	71
76	28	84
77	-61	-24
89	75	-37
-91	-23	-63
-71	-23	-21
-96	10	-24
23	75	59
-41	58	95
-33	-58	-84
-30	-24	-64
-97	49	77
-91	1	9
-93	0	40
66	55	-100
-67	72	56
-44	59	-70
89	-41	65
86	-78	18
-89	16	71
89	9	97
-40	19	-2
-74	-94	28
-39	-80	76
70	98	-90
36	58	-80
59	-75	86
-61	-90	-16
86	-19	-84
-29	-83	26
-42	98	85
39	-81	92
44	5	-65
3	-93	66
-73	96	38
-46	-82	-38
55	-50	-36
-2	-48	-9
85	49	-2
13	-26	-63
-19	55	89
-98	-98	-78
92	-69	79
-81	93	-48
85	-44	-82
-80	-88	-85
46	31	-38
55	17	68
-39	61	46
-6	55	-30
-7	-70	-70
99	-79	-48
78	-75	93
16	-37	88
-16	36	-42
-88	13	97
-28	64	37
-17	68	44
75	27	-63
-80	41	-58
-23	-3	-24
8	26	62
-79	87	-65
67	-58	87
-78	-71	-32
-25	-29	82
10	-51	-53
50	-79	91
33	-90	-37
-13	-77	-5
-86	57	-16
51	-61	66
12	76	-91
-4	91	27
62	6	21
50	-40	38
-25	0	-44
-44	11	-9
96	28	-24
-14	76	15
-2	35	64
40	52	-14
2	-28	91
2	64	-5
72	-87	-41
21	89	15
-31	83	51
26	-89	23
-61	59	-54
94	56	11
-10	-74	-100
-5	99	-45
64	-79	55
-65	-53	88
47	74	37
61	-16	-3
-69	-25	40
62	-84	93
65	73	23
-60	1	94
-61	9	17
-20	-88	38
-5	-23	-86
-96	57	67
61	-67	35
63	80	-62
87	-22	-26
49	63	-19
72	28	-91
-92	30	-74
33	23	20
61	97	39
-29	-33	62
100	-34	-94
-18	-73	18
73	-99	83
-43	-98	94
-15	-46	-77
19	-10	46
-64	8	-16
28	-13	48
89	-29	-67
-53	100	-63
97	-9	12
-24	88	-88
-32	-34	35
63	100	27
-74	51	28
-67	-52	-31
-3	-59	6
93	-65	60
-23	-29	79
-41	-6	57
-16	25	-99
46	-39	11
-19	-92	-34
-90	-49	-76
-89	-27	8
58	1	36
-81	56	-78
65	51	59
31	-97	-44
53	99	16
-67	-92	73
79	-21	-25
25	-19	-10
-84	53	-60
-98	-14	90
-18	82	62
-49	20	70
-58	-61	39
34	19	75
-57	-86	-43
-45	28	-91
51	77	-57
-49	-68	94
-67	-68	-80
-54	-97	-97
83	62	-36
69	-52	-79
-6	2	-21
46	91	69
-66	-55	60
1	-18	-34
-68	62	-76
-70	-48	9
47	-69	50
69	-82	-12
50	97	-64
35	51	58
10	-26	66
-65	61	-74
31	-96	86
-26	-83	87
-67	33	51
54	-87	-58
79	52	9
56	-78	-83
-28	26	-16
92	97	95
33	-1	-6
-98	91	-93
0	97	-100
99	0	-52
24	-28	-87
63	35	-15
37	96	84
95	57	99
-51	55	-49
49	64	-65
43	40	-92
92	41	18
-8	-69	42
43	-46	-84
-59	81	-48
-39	-69	50
-97	9	92
99	-46	-100
-90	39	43
-4	53	-64
56	52	-67
66	-44	61
-61	32	31
-4	-30	3
44	95	42
68	53	76
47	88	23
2	45	-46
-56	44	-15
-93	82	-98
76	97	-22
5	87	2
83	-24	25
-8	-79	0
-82	8	-62
-12	-45	-40
-42	-58	86
67	49	66
14	-46	-93
79	22	12
-25	-68	50
29	21	-26
-76	-62	-93
-60	85	-23
-49	-46	67
-78	-17	-64
-85	56	-11
-75	50	39
-83	-92	-53
13	92	33
-5	-97	55
-88	-83	90
51	-10	88
65	-36	-84
-48	-82	-42
9	15	-6
100	-9	72
72	64	66
-78	-51	-17
-89	12	12
-74	11	-53
-25	45	81
23	-61	-63
77	-28	93
-52	-49	-9
-27	74	31
-19	8	-7
54	14	0
61	24	-60
89	90	68
7	39	79
-25	39	53
70	78	-27
-23	87	-24
-43	-78	-81
79	23	12
-26	50	-24
52	30	-97
-81	-27	98
48	14	-79
41	34	-51
-31	-30	33
-86	73	13
39	3	97
-43	-96	22
-84	-3	-8
-20	82	-100
28	14	-61
-8	55	-91
76	-44	-35
56	-78	-37
-48	37	-48
-73	88	53
-14	65	50
100	36	-54
-21	-6	26
-19	-98	77
6	-33	33
-80	-88	-81
-91	77	15
24	-61	17
-53	84	-19
34	-95	-32
-30	90	9
40	94	-83
-49	29	79
93	-87	-40
-17	-6	-46
-11	-50	55
30	-69	24
-68	-83	-90
-63	63	26
-67	53	53
65	46	-11
-42	-89	-87
-33	67	-27
16	70	-17
-59	-84	64
-46	-60	45
-38	58	34
26	-97	75
44	-63	72
-1	2	-69
-9	-82	76
-74	-73	-33
72	-75	-17
-59	-78	-16
-18	-86	-38
-60	92	-100
-54	84	22
82	71	96
-82	-61	43
15	15	74
-59	68	-36
-59	-76	51
8	-85	90
-3	-18	-85
-39	-79	35
-50	-56	89
12	3	-54
72	-48	19
9	10	-53
81	-93	89
25	-43	10
10	-100	-46
-81	-60	91
11	33	77
-89	50	1
6	20	50
-39	69	95
54	-98	-88
28	-31	15
46	33	14
4	28	-93
-100	72	-75
5	52	-79
-20	-70	-97
99	-100	70
-30	60	3
-82	-98	91
-2	20	-62
95	71	-46
-2	82	31
40	-26	8
-24	-93	-95
69	-89	78
-25	-99	68
29	81	39
91	56	-99
-58	-42	9
-88	27	30
24	-94	-92
70	-95	-99
72	-94	70
-10	41	57
-4	22	94
65	1	49
25	43	-99
-78	69	39
0	-97	-85
-48	-44	24
-79	27	47
79	53	-99
98	99	-95
77	4	95
98	-62	-60
82	-5	-67
-92	-22	57
61	-13	85
28	1	-63
-31	-31	-98
86	19	51
-54	-32	-87
-91	18	70
93	68	3
43	49	-61
-93	-75	31
-1	18	9
83	-56	79
68	-39	-61
63	-50	-49
64	28	30
-97	91	85
-57	52	70
-74	72	77
-37	-85	10
-46	-83	38
45	20	-24
7	71	52
-7	-98	-26
73	-22	-93
75	-53	-33
18	-72	-61
74	40	59
-46	65	-27
61	-27	46
32	20	-72
-32	14	-56
1	-83	30
76	-43	57
78	10	88
11	-29	-27
63	-48	25
10	45	87
-30	-19	-23
80	-9	56
-98	46	-2
-95	62	-17
-55	4	65
64	-27	-71
38	43	71
-17	96	-70
71	44	-7
-100	98	-80
-79	-78	75
-58	98	-67
67	22	27
74	74	12
-41	73	48
4	-35	68
9	100	79
-4	72	-98
-85	88	-15
-53	-91	47
-37	-99	48
-23	85	40
9	-97	6
32	97	52
2	64	69
-41	-77	-78
-18	-34	-22
26	-8	99
-58	26	-50
73	-74	-91
48	19	12
81	11	72
64	82	88
-93	96	-39
-39	77	-98
-73	94	-92
-66	57	65
-37	66	44
-32	38	10
50	-65	-41
-10	37	78
-4	85	-22
-61	22	-47
97	-4	-58
-66	-26	-30
-83	-36	15
96	-86	32
-58	38	-31
-55	-15	53
69	12	73
-38	-87	47
29	18	-41
-17	66	93
25	88	-29
55	-63	-40
23	-72	-8
-27	-49	-27
95	54	-80
27	-52	99
8	-50	0
25	-29	-90
-20	35	-18
-5	6	56
-90	34	-1
23	-29	-74
-40	-13	1
-92	23	-43
-39	-5	-40
0	-33	-40
26	-98	-30
-39	76	15
-7	100	17
-39	-25	3
79	-73	22
36	-37	18
75	-28	-17
95	-34	62
-2	-1	28
-57	-36	77
50	81	-33
-78	70	4
-14	50	59
85	-70	-29
10	100	-89
98	-70	-4
35	25	-69
43	25	96
77	32	36
9	64	-24
87	-50	36
40	12	-5
-64	57	-42
-82	-50	14
60	91	-59
-88	-16	-33
50	0	-31
-68	8	39
45	-94	-45
-28	-54	-62
68	78	86
-18	98	81
36	70	-13
17	62	-27
-63	16	-25
18	84	35
54	64	-53
-32	60	-37
-94	55	42
98	95	6
-61	64	11
-81	-50	-28
28	-23	93
-39	-23	15
80	-68	39
96	95	92
-37	-73	-78
21	19	-18
92	0	-82
23	-24	-57
-61	39	75
82	-22	98
63	-83	-34
-98	90	7
43	-8	-13
32	-12	27
24	-89	60
50	34	68
-17	19	-55
-71	-72	51
-46	-95	-99
49	-78	38
40	99	55
42	-68	77
26	-40	-63
16	78	-74
95	-41	-89
-9	99	-36
-17	-11	-96
-94	-1	59
53	34	90
15	49	85
6	94	-30
49	93	-10
73	83	79
84	-77	-26
31	68	41
-82	-66	70
40	64	-93
37	-34	33
34	33	0
96	90	-1
88	-90	12
-48	-91	85
57	-55	-34
21	19	-84
-14	-1	-35
31	-24	31
-82	34	-1
-81	76	85
78	69	27
37	-85	-41
91	77	93
-20	97	-87
62	-22	58
57	-38	90
3	-82	-56
92	-49	67
-32	-97	-43
69	78	-44
100	68	-66
27	-25	-59
-43	-80	-71
-93	31	43
-77	-95	3
-48	69	98
74	-38	-28
10	16	58
41	86	18
60	-32	-88
-98	-79	100
37	-19	-72
79	-65	-97
17	-1	-59
60	-4	-13
2	69	-55
-36	-85	-65
-40	96	16
84	-11	-48
-23	86	-11
23	-3	52
-83	-95	10
44	-14	25
-26	-26	33
95	-43	63
-70	50	-80
-29	-61	-83
-27	-4	-47
77	42	-74
-17	54	92
77	2	-51
14	94	-99
-11	42	-9
77	59	-17
20	90	42
2	-34	38
53	53	39
-69	-95	47
-28	-50	-99
-1	-59	-37
-17	-40	32
33	-2	73
-17	-20	-37
62	42	-92
29	-5	-20
35	53	7
12	-25	-24
-12	31	-100
-47	45	-4
2	-58	44
-100	91	1
-73	-7	-2
51	88	-9
69	-82	86
-25	91	-89
31	2	11
-33	37	-3
-6	87	66
87	96	30
32	-20	53
-24	81	-62
20	62	51
7	2	-99
82	85	66
-85	43	-44
-9	-87	40
89	23	-58
86	-65	5
-54	6	-97
35	-59	-2
69	-82	7
39	-7	-63
47	55	-72
-39	-77	-100
10	-15	53
31	-21	-56
10	-4	82
90	43	58
10	-10	46
34	-27	-44
47	72	-39
3	-87	66
-41	-23	-50
-82	45	-42
12	28	-1
-58	-24	51
53	16	-74
60	-75	45
16	80	-25
50	-72	-98
-8	-87	-18
73	15	-49
40	-94	-29
87	-28	-98
94	-9	51
24	-22	-85
-42	-32	-86
95	81	58
-71	87	47
16	87	-67
-10	9	-52
-53	26	32
76	39	-88
-52	2	-30
-21	67	-57
-76	66	34
95	93	2
-40	-9	60
89	-2	-68
25	43	28
4	-76	-81
-62	-4	64
54	47	65
-81	48	39
-98	-90	66
45	15	-86
15	-95	-80
-87	21	95
32	-70	-82
-12	-41	-72
-1	-49	97
-15	44	-22
-50	-59	-30
-20	-29	-81
69	75	-55
63	-43	-20
95	-57	84
-82	-90	38
7	-9	3
-75	7	-34
45	-35	-13
37	20	-4
43	18	-33
-12	-5	-27
44	-66	34
-100	-56	47
49	69	74
38	-6	-85
-55	-19	-60
-42	78	-48
76	-76	35
-97	35	-94
33	-68	-45
49	-80	39
-87	6	49
10	-26	76
-97	7	-53
57	-23	38
-7	-93	71
-29	-9	-62
-44	-16	41
-85	13	-30
38	40	0
28	-32	-89
-9	-100	48
-66	24	89
-33	36	-93
-35	-46	-29
-96	-82	48
97	11	27
-65	-39	41
-84	-7	37
99	98	94
-21	72	34
-25	-24	-62
-65	-35	-24
91	-41	-17
83	-96	56
-69	91	-71
-30	-89	-6
22	42	-71
74	-8	-93
-29	-25	7
-89	-65	26
95	88	64
-26	90	79
-67	69	54
-29	-94	-48
-57	-47	-44
85	86	2
7	29	87
0	57	-70
4	2	84
-70	65	90
69	79	-77
57	88	-83
92	58	-99
-49	-64	-58
40	-49	35
77	30	-61
52	-14	-10
-95	5	7
40	-5	-69
34	70	-13
95	-98	-96
64	3	-72
-71	-14	-34
-61	93	-72
1	-44	-8
45	60	6
-4	28	73
45	-22	-22
0	64	-26
17	-83	-8
86	-42	88
14	-44	-66
-62	76	49
7	48	-57
74	13	-7
-38	4	-51
-86	95	36
26	-62	-58
